##FastQC	0.11.8
>>Basic Statistics	pass
#Measure	Value
Filename	ERR1308288_1.fastq.gz
File type	Conventional base calls
Encoding	Sanger / Illumina 1.9
Total Sequences	541318
Sequences flagged as poor quality	0
Sequence length	10-300
%GC	36
>>END_MODULE
>>Per base sequence quality	pass
#Base	Mean	Median	Lower Quartile	Upper Quartile	10th Percentile	90th Percentile
1	33.45980366438951	34.0	34.0	34.0	33.0	34.0
2	33.208592731074894	34.0	34.0	34.0	33.0	34.0
3	33.30510162233659	34.0	34.0	34.0	34.0	34.0
4	33.342538027554966	34.0	34.0	34.0	34.0	34.0
5	33.422672070760626	34.0	34.0	34.0	34.0	34.0
6	37.430495568224224	38.0	38.0	38.0	37.0	38.0
7	37.59384317536088	38.0	38.0	38.0	37.0	38.0
8	37.64907503537662	38.0	38.0	38.0	37.0	38.0
9	37.65318167879139	38.0	38.0	38.0	37.0	38.0
10-14	37.552246457808565	38.0	38.0	38.0	37.0	38.0
15-19	37.30047015577607	38.0	37.8	38.0	36.6	38.0
20-24	36.750166440975974	38.0	37.0	38.0	35.0	38.0
25-29	37.02361783801159	38.0	37.4	38.0	35.8	38.0
30-34	36.19901907218481	38.0	37.0	38.0	33.8	38.0
35-39	36.10957802037449	38.0	37.0	38.0	32.8	38.0
40-44	36.30740654235592	38.0	37.0	38.0	33.6	38.0
45-49	36.36484389186081	38.0	37.0	38.0	33.8	38.0
50-54	35.96595528750523	38.0	36.8	38.0	32.2	38.0
55-59	35.80884754966378	38.0	36.8	38.0	31.8	38.0
60-64	35.93416656509064	38.0	37.0	38.0	32.4	38.0
65-69	36.03066127522167	38.0	36.6	38.0	32.6	38.0
70-74	35.981862207341656	38.0	36.4	38.0	32.6	38.0
75-79	35.49662654948522	38.0	36.4	38.0	30.2	38.0
80-84	35.76512305975534	38.0	36.8	38.0	32.0	38.0
85-89	35.54227670097039	38.0	36.2	38.0	30.6	38.0
90-94	36.295632161490666	38.0	37.0	38.0	33.8	38.0
95-99	35.975653664327695	38.0	36.6	38.0	32.2	38.0
100-104	36.281521380632114	38.0	37.0	38.0	33.6	38.0
105-109	35.84462710037362	38.0	36.6	38.0	31.6	38.0
110-114	35.35685129825829	38.0	36.0	38.0	29.0	38.0
115-119	35.50558252915227	38.0	36.2	38.0	30.4	38.0
120-124	35.14281585552706	38.0	36.0	38.0	27.6	38.0
125-129	35.59494683847054	38.0	36.4	38.0	30.4	38.0
130-134	35.31700745637421	38.0	35.8	38.0	29.0	38.0
135-139	35.44087171767022	38.0	36.2	38.0	29.4	38.0
140-144	35.670570138992986	38.0	36.6	38.0	30.8	38.0
145-149	35.28892714175582	38.0	36.0	38.0	28.2	38.0
150-154	35.33311517469481	37.8	36.0	38.0	28.8	38.0
155-159	35.49946518866168	38.0	36.4	38.0	30.0	38.0
160-164	35.441851593638546	38.0	36.2	38.0	29.6	38.0
165-169	35.24308855025862	38.0	35.8	38.0	28.8	38.0
170-174	35.0769913980607	38.0	35.6	38.0	27.4	38.0
175-179	35.03765624495832	37.8	35.4	38.0	28.0	38.0
180-184	35.393882136723406	37.8	36.0	38.0	29.0	38.0
185-189	35.29324621459399	37.8	35.8	38.0	28.8	38.0
190-194	35.349709078623334	38.0	35.8	38.0	28.8	38.0
195-199	34.971942524570565	37.2	35.0	38.0	27.2	38.0
200-204	34.12933472809492	37.0	34.2	38.0	24.4	38.0
205-209	34.24523708745981	37.0	34.0	38.0	25.0	38.0
210-214	34.30232608846748	37.0	34.0	38.0	25.8	38.0
215-219	33.932068439547834	36.8	33.6	38.0	24.2	38.0
220-224	34.42491009640467	37.2	33.8	38.0	25.2	38.0
225-229	33.72126595938953	37.0	33.2	38.0	23.6	38.0
230-234	33.870630022669744	37.0	33.8	38.0	23.8	38.0
235-239	33.47523839967295	36.6	32.4	37.8	23.4	38.0
240-244	33.05850018042406	37.0	31.6	38.0	22.2	38.0
245-249	32.64973125820277	36.2	30.4	37.8	21.4	38.0
250-254	32.45917614781173	36.2	29.8	38.0	20.8	38.0
255-259	32.51924332825681	36.6	29.8	38.0	20.8	38.0
260-264	32.57667241886294	36.2	30.2	37.8	22.0	38.0
265-269	32.80301687714886	36.6	30.8	37.8	21.8	38.0
270-274	31.952109784152036	35.2	29.0	37.4	20.6	37.8
275-279	30.478522728620383	34.0	25.6	37.2	17.2	38.0
280-284	29.432619014864933	32.6	23.8	37.0	15.8	37.6
285-289	31.527837336097104	34.8	27.4	37.6	19.4	38.0
290-294	31.385054716708957	34.6	27.8	37.4	20.2	37.6
295-299	28.741999289221223	33.4	24.6	36.4	10.0	37.6
300	29.43270832500433	36.0	27.0	38.0	2.0	38.0
>>END_MODULE
>>Per tile sequence quality	pass
#Tile	Base	Mean
1101	1	-0.35216574500945086
1101	2	-0.23035751438831653
1101	3	-0.18015153048924049
1101	4	-0.08990623496818273
1101	5	0.06697245530830997
1101	6	-0.08330423776226326
1101	7	-0.09296747635223568
1101	8	0.02501897803079345
1101	9	-0.04285640382125422
1101	10-14	-0.04046996776154543
1101	15-19	-0.13446196210242078
1101	20-24	-0.023355423772684958
1101	25-29	0.0018490470497170008
1101	30-34	0.02148775672234393
1101	35-39	-0.08324774812967917
1101	40-44	-0.22018177870156563
1101	45-49	-0.1653938234623027
1101	50-54	-0.3330560837053156
1101	55-59	-0.04304295543793302
1101	60-64	-0.07200513514090545
1101	65-69	-0.35204372281899765
1101	70-74	-0.2433538467828953
1101	75-79	-0.2765273231915444
1101	80-84	-0.12354868202783109
1101	85-89	-0.1512532676592926
1101	90-94	-0.1221981068112683
1101	95-99	-0.03169343398280944
1101	100-104	-0.062175529622031434
1101	105-109	-0.2668360136233545
1101	110-114	-0.16956947529703115
1101	115-119	-0.1378498593227988
1101	120-124	-0.3110253784943282
1101	125-129	-0.3815509038498135
1101	130-134	-0.1522496036004526
1101	135-139	-0.22204434417304242
1101	140-144	-0.4155836280228016
1101	145-149	-0.035521206305887176
1101	150-154	0.0025489998092709243
1101	155-159	-0.05016462778762332
1101	160-164	0.12020067613691765
1101	165-169	-0.29018885949855644
1101	170-174	-0.4214985087899805
1101	175-179	-0.14369095604877913
1101	180-184	-0.2162862285929279
1101	185-189	-0.18816321110828227
1101	190-194	-0.23385952336671068
1101	195-199	-0.1944966208180574
1101	200-204	-0.19532129776576568
1101	205-209	-0.3340508918160481
1101	210-214	-0.3334996764197271
1101	215-219	-0.21530656033584705
1101	220-224	-0.23307935554376513
1101	225-229	-0.4366021005353389
1101	230-234	-0.34551072791323634
1101	235-239	-0.4756786663830894
1101	240-244	-0.46692254517725473
1101	245-249	-0.6978813051818555
1101	250-254	-0.5846513206770183
1101	255-259	-0.44923672993521535
1101	260-264	-0.7044540631834337
1101	265-269	-0.6422095231263967
1101	270-274	-0.11286752786889309
1101	275-279	-0.13471167451273658
1101	280-284	-0.3172758368895998
1101	285-289	-0.30139157161520913
1101	290-294	-0.827168256704713
1101	295-299	-0.6523325989712099
1101	300	-0.9904125411616391
1102	1	-0.08093756166607591
1102	2	-0.02712062843048102
1102	3	-0.215198226409818
1102	4	0.07600786490817768
1102	5	0.19966327767142644
1102	6	0.04231217385216013
1102	7	0.008324901504195736
1102	8	0.04901906856514415
1102	9	-0.014851582867080992
1102	10-14	-0.06116510614046433
1102	15-19	-0.23856154918519934
1102	20-24	0.06837152830607351
1102	25-29	0.06392730698114946
1102	30-34	-0.15804034648937915
1102	35-39	-0.21659664624908714
1102	40-44	-0.06607986448727843
1102	45-49	0.019317355500184874
1102	50-54	0.14302558379215924
1102	55-59	-0.14838209711277983
1102	60-64	-0.3257051535072577
1102	65-69	-0.2953776287403329
1102	70-74	-0.4736279079159189
1102	75-79	-0.07597843160719009
1102	80-84	0.03795667707447592
1102	85-89	0.012906009261470786
1102	90-94	0.11613702556651617
1102	95-99	0.23874185488773492
1102	100-104	0.27414743736580505
1102	105-109	0.49212346047131206
1102	110-114	0.41344944021368235
1102	115-119	-0.0346902329916432
1102	120-124	0.03518522643472721
1102	125-129	0.18790226110993302
1102	130-134	0.10602766026090649
1102	135-139	0.4271056073052364
1102	140-144	0.2780222846855551
1102	145-149	0.515750836121839
1102	150-154	0.5629337853024126
1102	155-159	0.3851131064497011
1102	160-164	0.38741883006611744
1102	165-169	0.23920436597531847
1102	170-174	-0.13670248855388678
1102	175-179	0.057685430827540074
1102	180-184	0.002701067169311955
1102	185-189	-0.17464103036385836
1102	190-194	0.09258542128332437
1102	195-199	0.2517572546399407
1102	200-204	0.6792048416670724
1102	205-209	0.24313952448115828
1102	210-214	0.0854510128801067
1102	215-219	-0.2523732440218893
1102	220-224	-0.5436903855879578
1102	225-229	0.13662098005708856
1102	230-234	0.03986088776211716
1102	235-239	-0.12241000383296097
1102	240-244	0.22851566325046946
1102	245-249	0.7900991219978764
1102	250-254	0.8219570860167806
1102	255-259	-0.15445443566405004
1102	260-264	-0.06894440443653593
1102	265-269	0.020870849007962988
1102	270-274	-0.030570305954782384
1102	275-279	0.07838183081697281
1102	280-284	0.6745198141655493
1102	285-289	0.1898267945302905
1102	290-294	-0.17418843519423177
1102	295-299	0.5869217870907555
1102	300	0.7578990630252704
1103	1	-0.09786684639816201
1103	2	-0.44310685997150046
1103	3	-0.21835660191199935
1103	4	0.08165128651921094
1103	5	-0.13055921505867474
1103	6	-0.03526919168336917
1103	7	-0.02957658462296564
1103	8	0.021310142883265826
1103	9	0.06732694645215531
1103	10-14	-0.011408874696932969
1103	15-19	3.0681669806398304E-4
1103	20-24	0.08951686809876946
1103	25-29	0.1763915632111832
1103	30-34	0.16922861528060196
1103	35-39	0.10742904084846572
1103	40-44	0.29134964624676485
1103	45-49	0.27854691774830087
1103	50-54	0.6230929250092387
1103	55-59	0.4987301586483852
1103	60-64	0.07072849261314218
1103	65-69	0.10559786130429671
1103	70-74	0.2138554328347979
1103	75-79	0.2957400163679651
1103	80-84	0.3064382176344935
1103	85-89	0.2978342773124396
1103	90-94	0.3513359890120995
1103	95-99	0.5096289126569644
1103	100-104	0.42784178989035837
1103	105-109	0.5434068764135631
1103	110-114	0.5117294061213968
1103	115-119	0.3763072816301616
1103	120-124	0.2304343015171355
1103	125-129	0.4283288798416365
1103	130-134	0.48163738993534366
1103	135-139	0.5157255451350338
1103	140-144	0.5394824006653423
1103	145-149	0.8410744765440299
1103	150-154	0.4494919042394798
1103	155-159	0.43807163781636405
1103	160-164	0.5609717780287724
1103	165-169	0.49859657284221015
1103	170-174	0.07013679114182025
1103	175-179	-0.1532568697284873
1103	180-184	-0.039205595913294644
1103	185-189	-0.22770939846275695
1103	190-194	0.45067142548369077
1103	195-199	0.6579767964093222
1103	200-204	0.7777149144853013
1103	205-209	-7.187588503896336E-4
1103	210-214	0.27050159610513447
1103	215-219	-1.1381510620880704
1103	220-224	-0.803324479690815
1103	225-229	-0.13128106788556693
1103	230-234	-0.34235304715726755
1103	235-239	0.18308658826362034
1103	240-244	0.03766385910807912
1103	245-249	0.38754779995175426
1103	250-254	0.4745273850114131
1103	255-259	0.04280990094213877
1103	260-264	-0.41818824365083174
1103	265-269	-0.1383237672118085
1103	270-274	-0.0010164480171752643
1103	275-279	0.4789398259177986
1103	280-284	0.6367306879539996
1103	285-289	0.28980371170633745
1103	290-294	0.0031723476085439017
1103	295-299	0.8735443864215924
1103	300	0.6377703427297661
1104	1	-0.2048182321319132
1104	2	-0.5913685196913931
1104	3	-0.13766896980801135
1104	4	-0.039834006726941595
1104	5	-0.061022640774254455
1104	6	0.04457396261408775
1104	7	-0.0673825226353344
1104	8	0.05653425050233096
1104	9	-0.09512589119081838
1104	10-14	-0.08217100175172476
1104	15-19	-0.01538530091992385
1104	20-24	-0.06707670460257731
1104	25-29	-0.12019417775984209
1104	30-34	-0.2481120511903825
1104	35-39	-0.3609133058980447
1104	40-44	-0.25148955144999263
1104	45-49	-0.2743076700824574
1104	50-54	-0.15786166111173827
1104	55-59	-0.3154716244157072
1104	60-64	-0.8598877483826897
1104	65-69	-0.7046150907703179
1104	70-74	-0.6728366985853924
1104	75-79	-0.8567568275967332
1104	80-84	-0.686016300087303
1104	85-89	-0.730538494550224
1104	90-94	-0.2335524095010868
1104	95-99	-0.3013506348658197
1104	100-104	-0.5088486628309283
1104	105-109	-1.036656059695943
1104	110-114	-0.6729262278341182
1104	115-119	-0.9241159220566786
1104	120-124	-0.8815767329771447
1104	125-129	-0.48136174601187065
1104	130-134	-0.5285931622564206
1104	135-139	-0.5097179860006449
1104	140-144	-0.07795156850196605
1104	145-149	0.20700862405917775
1104	150-154	-0.05705469748163239
1104	155-159	-0.26528292445145496
1104	160-164	-0.31331685204418136
1104	165-169	0.033285816151639835
1104	170-174	-0.03977905422527073
1104	175-179	-0.39123968721526126
1104	180-184	0.1733625942317687
1104	185-189	0.2769768848036165
1104	190-194	0.19748150890816873
1104	195-199	0.21168660647779092
1104	200-204	0.3418420884326139
1104	205-209	0.19637181407749438
1104	210-214	0.29209399544159
1104	215-219	-0.13996624259136325
1104	220-224	-0.35680616590911285
1104	225-229	-0.18713349530774792
1104	230-234	0.012541323217803324
1104	235-239	-0.06500999552649489
1104	240-244	-0.2786839189636581
1104	245-249	0.3025562735937015
1104	250-254	0.44103450385136966
1104	255-259	0.42739638525267054
1104	260-264	0.12193702533303963
1104	265-269	-0.08859261443063104
1104	270-274	0.08893859798301662
1104	275-279	0.5859074628728607
1104	280-284	0.40343743464884696
1104	285-289	0.3623158721449151
1104	290-294	0.15577411162224308
1104	295-299	1.4110141460570667
1104	300	1.75093499194708
1105	1	-0.11582612345146259
1105	2	-0.28359207378188955
1105	3	-0.043507547372691135
1105	4	-0.17604917004728549
1105	5	-0.06910874605844697
1105	6	-0.012333439243874977
1105	7	0.013573425821363116
1105	8	-0.07818256100500776
1105	9	0.057051713444082
1105	10-14	0.009653990756511632
1105	15-19	0.053180276944424065
1105	20-24	-0.026343364879579667
1105	25-29	0.18148703332786198
1105	30-34	0.1887557186016977
1105	35-39	0.30071582911786265
1105	40-44	0.2935674035580149
1105	45-49	0.134783133477562
1105	50-54	0.2173844339449289
1105	55-59	0.3871784109052143
1105	60-64	0.2096787948895127
1105	65-69	0.0829342308361447
1105	70-74	0.35228790856760384
1105	75-79	0.26384672100230233
1105	80-84	0.21316242024034437
1105	85-89	0.05949979100054037
1105	90-94	-0.03478226273875151
1105	95-99	0.24494369450343356
1105	100-104	-0.1409060449826285
1105	105-109	-0.0840754417157683
1105	110-114	-0.13519959824785133
1105	115-119	-0.06818061760703387
1105	120-124	0.36766359181935115
1105	125-129	0.10435823433854097
1105	130-134	0.12672986386380103
1105	135-139	0.19502614896424575
1105	140-144	0.013886650344915097
1105	145-149	0.1489132131294042
1105	150-154	-0.06402982970966775
1105	155-159	-0.0973854134994454
1105	160-164	0.15726365164449163
1105	165-169	0.14642579264697275
1105	170-174	0.020226886444255854
1105	175-179	0.1020068516406667
1105	180-184	0.12921878006315524
1105	185-189	0.3712330991213406
1105	190-194	0.14842886963611335
1105	195-199	-0.287108733894911
1105	200-204	-0.49204670420260754
1105	205-209	-0.4924642397888306
1105	210-214	-0.34075716961609004
1105	215-219	-0.6836793040841869
1105	220-224	-0.04680646815324252
1105	225-229	0.16302328670029453
1105	230-234	-0.020456693646167423
1105	235-239	-0.04726145241285451
1105	240-244	-0.18465039345170453
1105	245-249	-0.2660366881493772
1105	250-254	-0.19081761891131066
1105	255-259	-0.14117707897000997
1105	260-264	-0.18540977170715678
1105	265-269	0.15277610723488522
1105	270-274	0.3220841263275602
1105	275-279	0.49137927585819696
1105	280-284	-0.10122635351849851
1105	285-289	-0.4229129669741951
1105	290-294	-0.01721690169636858
1105	295-299	0.3371176903815112
1105	300	1.3843322287808455
1106	1	0.011810572956676424
1106	2	-0.15630617429283689
1106	3	0.09273892559306773
1106	4	0.08872624366429704
1106	5	-0.2409534802916511
1106	6	-0.03578345068289934
1106	7	-0.08754759911572307
1106	8	-0.0433774058155052
1106	9	-0.09231151388757297
1106	10-14	0.024411864622145174
1106	15-19	-0.06295189981599947
1106	20-24	-0.2575846877291994
1106	25-29	-0.35343627695104374
1106	30-34	-0.6666211009912075
1106	35-39	-0.4061058965109723
1106	40-44	-1.0010863590847379
1106	45-49	-0.7180479104732029
1106	50-54	-0.8797769593034133
1106	55-59	-0.5256278518970348
1106	60-64	-0.5226034726256543
1106	65-69	-0.45076594944151793
1106	70-74	-0.03735823586626452
1106	75-79	-0.04502687567460839
1106	80-84	-0.35615094444809614
1106	85-89	-0.5694891423069208
1106	90-94	-0.5485835738847555
1106	95-99	-0.5740125340208238
1106	100-104	-0.7089435210273223
1106	105-109	-1.4764397250142025
1106	110-114	-1.6250663478364729
1106	115-119	-1.3271715852721186
1106	120-124	-1.178768862932273
1106	125-129	-0.6203734710115043
1106	130-134	-0.925432290462723
1106	135-139	-1.0091354178240692
1106	140-144	-0.8555399874225955
1106	145-149	-0.6924588089528214
1106	150-154	-1.5677175086532174
1106	155-159	-0.8193993470663727
1106	160-164	-0.45830438347375235
1106	165-169	-0.3258418874454847
1106	170-174	0.12092931265778617
1106	175-179	0.20768587271478367
1106	180-184	0.08148145842314847
1106	185-189	0.15759582391140015
1106	190-194	-0.24759872713620723
1106	195-199	-0.47323792744983706
1106	200-204	-0.5616094858375718
1106	205-209	-0.4528489968655336
1106	210-214	-0.1557759523553912
1106	215-219	-0.04236649501505241
1106	220-224	0.221295982458237
1106	225-229	0.4684497069475242
1106	230-234	0.754100525400176
1106	235-239	0.007289001870816492
1106	240-244	0.2629208488088324
1106	245-249	0.5013006523814667
1106	250-254	-0.23373060494650133
1106	255-259	0.1135692270530555
1106	260-264	-0.07180159095597105
1106	265-269	0.03798311831379664
1106	270-274	-0.3420948145829392
1106	275-279	-0.011333392515080476
1106	280-284	-0.7258496669458694
1106	285-289	-1.1234349337804481
1106	290-294	-0.4764777468069994
1106	295-299	-0.186881179056968
1106	300	-0.14147604717145512
1107	1	-0.05313139000034539
1107	2	-0.09700282231337098
1107	3	0.034754285122559736
1107	4	0.02633368787216739
1107	5	-0.20654538690326518
1107	6	-0.07874994106347799
1107	7	-0.049878849068022646
1107	8	-0.006095823768703212
1107	9	-0.09716459609590089
1107	10-14	0.1069990219390391
1107	15-19	0.07032457222953781
1107	20-24	-0.016137932374455488
1107	25-29	-0.0430047236060247
1107	30-34	-0.27536874079374485
1107	35-39	-0.07328098146945194
1107	40-44	-0.46042695802164957
1107	45-49	-0.25544801249280624
1107	50-54	-0.03151670628408709
1107	55-59	0.18070952610200663
1107	60-64	0.043885754761944895
1107	65-69	-0.08916581679354607
1107	70-74	0.1388171115539052
1107	75-79	0.04865610470869086
1107	80-84	-0.1294322606391276
1107	85-89	0.14802944425581188
1107	90-94	-0.2225579080571336
1107	95-99	-0.31086573088916225
1107	100-104	-0.12230617487870177
1107	105-109	-0.5155069435143247
1107	110-114	-0.33132599856384104
1107	115-119	-0.12464664812846848
1107	120-124	-0.3060238209558648
1107	125-129	-0.2588109848973019
1107	130-134	-0.4191491771529101
1107	135-139	-0.6317038973535887
1107	140-144	-0.5813766475911422
1107	145-149	-0.6218455641418217
1107	150-154	-0.3161211545147893
1107	155-159	-0.28206193368545485
1107	160-164	-0.014311636550885964
1107	165-169	0.09561832919145985
1107	170-174	0.18069919763408393
1107	175-179	0.2357352860757942
1107	180-184	-0.012025919101020577
1107	185-189	0.32542936983882953
1107	190-194	0.3043577274427136
1107	195-199	0.15983818974787312
1107	200-204	0.09714693596677648
1107	205-209	-0.06509708746094844
1107	210-214	-0.1439770021451281
1107	215-219	0.5209673104877339
1107	220-224	0.018928552226618933
1107	225-229	-0.178322724115759
1107	230-234	-0.04139621566072549
1107	235-239	-0.6111312510275866
1107	240-244	-0.09731934152707566
1107	245-249	0.33701694420863504
1107	250-254	-0.37176551859525375
1107	255-259	-0.23948738273283965
1107	260-264	0.17565558303115125
1107	265-269	0.2648952725690492
1107	270-274	-0.28409051419814446
1107	275-279	-0.736502408682945
1107	280-284	-0.6172232289265942
1107	285-289	-1.721565914547746
1107	290-294	-1.9236065283496018
1107	295-299	-2.221650093780436
1107	300	-3.2728524976653723
1108	1	-0.1203171790380182
1108	2	-0.29202882453961365
1108	3	0.05622957382800564
1108	4	0.17961529004590204
1108	5	0.06813308735782186
1108	6	0.05611507320391951
1108	7	0.11662392569319024
1108	8	-0.03889851618995266
1108	9	-0.07385489169989512
1108	10-14	0.09862584814852937
1108	15-19	0.017343885761100353
1108	20-24	-0.21167194321687788
1108	25-29	0.04769985354114681
1108	30-34	0.13734533262781667
1108	35-39	-0.0394245161076725
1108	40-44	-0.36326755789995957
1108	45-49	-0.31986730545591513
1108	50-54	-0.316059464801576
1108	55-59	-0.19133601298804592
1108	60-64	-0.256159905054993
1108	65-69	-0.24309490052931437
1108	70-74	-0.308911479522358
1108	75-79	-0.614760001010815
1108	80-84	-0.368953200869953
1108	85-89	-0.14760000494073466
1108	90-94	-0.13978050547481047
1108	95-99	-0.5723499600662194
1108	100-104	-0.25056021281119456
1108	105-109	-0.4399344591385983
1108	110-114	-0.4288686550097509
1108	115-119	0.13985802020738447
1108	120-124	-0.12295396770446843
1108	125-129	-0.29657764534849207
1108	130-134	-0.46718600398690313
1108	135-139	-0.5009870012877187
1108	140-144	-0.561386466292177
1108	145-149	-0.31149141930089286
1108	150-154	-0.22533434491618465
1108	155-159	-0.23887184397643324
1108	160-164	-0.2326130838962115
1108	165-169	-0.23951832813231988
1108	170-174	-0.4752774198266394
1108	175-179	0.22874069255352936
1108	180-184	-0.30764405881823365
1108	185-189	0.10775693664024288
1108	190-194	-0.18317746291116066
1108	195-199	-0.2761979704835156
1108	200-204	-0.1474639894563552
1108	205-209	-0.1639718817404372
1108	210-214	-0.14375312512293448
1108	215-219	0.43257498737265365
1108	220-224	0.4011958969683036
1108	225-229	0.08544535628092831
1108	230-234	0.17014278157661522
1108	235-239	-0.42720973867265855
1108	240-244	-0.3481151793418178
1108	245-249	0.17392509509512166
1108	250-254	-1.6279421815482245
1108	255-259	0.15230669672646258
1108	260-264	0.7109147464067007
1108	265-269	0.3385273332686367
1108	270-274	0.6018532125841105
1108	275-279	0.8548022031586129
1108	280-284	0.8166381848188244
1108	285-289	0.2738658396517799
1108	290-294	-0.2144516735087656
1108	295-299	-0.46512170448001555
1108	300	-0.7522534938061511
1109	1	0.010659437140162709
1109	2	0.1269422949931922
1109	3	-0.1007253269467796
1109	4	-0.06687454029469819
1109	5	-0.08302562202676711
1109	6	-6.81832673244287E-4
1109	7	0.002632001415349805
1109	8	-0.007961134289459437
1109	9	0.06492819178738074
1109	10-14	0.006271676024560691
1109	15-19	-0.056011772124008985
1109	20-24	-0.0118838342523091
1109	25-29	0.29595732886102155
1109	30-34	0.6704687134183445
1109	35-39	0.706500927907058
1109	40-44	0.4023596312429092
1109	45-49	0.5028318289753315
1109	50-54	0.4629423270793467
1109	55-59	0.605218859804161
1109	60-64	0.30778161702113493
1109	65-69	0.1830033550854111
1109	70-74	0.5229811476747699
1109	75-79	0.3962335759624622
1109	80-84	0.4022730056241244
1109	85-89	0.44188803767846707
1109	90-94	0.21671674365006766
1109	95-99	0.29391936960187337
1109	100-104	0.1415195502554738
1109	105-109	0.4681790225699487
1109	110-114	0.6063331398473863
1109	115-119	0.79935541579367
1109	120-124	0.5910109744571983
1109	125-129	0.4616286818212245
1109	130-134	0.439099958549761
1109	135-139	0.5563592650378197
1109	140-144	0.25108204020365577
1109	145-149	0.28307399961666846
1109	150-154	0.31533264431378427
1109	155-159	0.34833208015413675
1109	160-164	0.06875795583812305
1109	165-169	0.10659795333420163
1109	170-174	-0.07426495927458632
1109	175-179	0.2353442679301807
1109	180-184	-0.17513917596872375
1109	185-189	0.4059742554839829
1109	190-194	0.31567239245446643
1109	195-199	0.3799423481371136
1109	200-204	0.517574652459821
1109	205-209	0.1899122553956687
1109	210-214	-0.32702437540920215
1109	215-219	0.39897631662484656
1109	220-224	-0.09221937988113638
1109	225-229	-0.5925743547407905
1109	230-234	-0.24481603887202397
1109	235-239	-1.112495198060003
1109	240-244	-1.3488189776528117
1109	245-249	-0.7610886679037208
1109	250-254	-2.4764306003458145
1109	255-259	-0.27051447331960077
1109	260-264	0.2428877924098174
1109	265-269	0.2452169127701751
1109	270-274	0.6238062897494103
1109	275-279	1.0324325969880022
1109	280-284	0.1446755033754208
1109	285-289	0.10090790198557897
1109	290-294	-0.5984827456150263
1109	295-299	-0.7944690370640224
1109	300	-1.3766692566760526
1110	1	-0.008649612019631547
1110	2	-0.027707532790969935
1110	3	-0.21792603668480126
1110	4	-0.11251695757890445
1110	5	-0.24256011738215477
1110	6	-0.010503354435066115
1110	7	-0.1388146116730553
1110	8	-0.07287085143798322
1110	9	-0.021398913942711317
1110	10-14	-4.0403632279151225E-4
1110	15-19	-0.022572339233725813
1110	20-24	-0.10164045980756953
1110	25-29	0.07161280534245407
1110	30-34	0.04724879009135918
1110	35-39	-0.09287960092349579
1110	40-44	-0.0013504030847499848
1110	45-49	0.13130382787182526
1110	50-54	0.20821341921707415
1110	55-59	0.17729682007112046
1110	60-64	0.18055425247227674
1110	65-69	-0.033410859988258323
1110	70-74	0.17465751810330943
1110	75-79	-0.10820426072448441
1110	80-84	-0.3103190419112707
1110	85-89	-0.01549343607006648
1110	90-94	0.08337049990143441
1110	95-99	0.010730222324575323
1110	100-104	-0.07122055278281181
1110	105-109	-0.030476924362595526
1110	110-114	-0.009068077891619453
1110	115-119	-0.04259672697762795
1110	120-124	-0.3543251003649317
1110	125-129	0.0693153040538732
1110	130-134	-0.2614342017701148
1110	135-139	-0.10262304691513435
1110	140-144	-0.0986896134255062
1110	145-149	-0.293162693034688
1110	150-154	-0.44010556207653906
1110	155-159	-0.3114813207948828
1110	160-164	-0.5407533454859887
1110	165-169	-0.439526735732791
1110	170-174	0.23155680537175982
1110	175-179	-0.015299593236420606
1110	180-184	-0.4474054483859291
1110	185-189	0.12886909199953323
1110	190-194	0.326322988261623
1110	195-199	0.4056698954971836
1110	200-204	0.30663618968916495
1110	205-209	-0.025112318147641588
1110	210-214	-0.3804065365938243
1110	215-219	0.4764870720814329
1110	220-224	0.2069201019691036
1110	225-229	-0.3723375725259501
1110	230-234	0.48192245966735925
1110	235-239	0.4960227207317587
1110	240-244	-0.18267330013806315
1110	245-249	-0.2522754814676631
1110	250-254	-0.703196184327517
1110	255-259	-0.5627089320056804
1110	260-264	0.3705675507483619
1110	265-269	-0.22085345765357545
1110	270-274	0.015169859700037591
1110	275-279	-0.42517707232038404
1110	280-284	-0.3376061088469804
1110	285-289	0.2575252194443536
1110	290-294	0.2665298450376703
1110	295-299	-0.5716507006202463
1110	300	-0.617777686957222
1111	1	-0.004216545086563883
1111	2	-0.015457283040717584
1111	3	0.005625411866645891
1111	4	-0.17896301152496363
1111	5	-0.19835432317636048
1111	6	-0.05854281497452263
1111	7	-0.22502839788684526
1111	8	-0.04399972256685203
1111	9	-0.0409044084482062
1111	10-14	0.056136922718174276
1111	15-19	0.0769506377892526
1111	20-24	-0.1439832466163935
1111	25-29	0.0648840749503492
1111	30-34	0.23835970918074878
1111	35-39	0.22648565700678347
1111	40-44	0.3766606550500313
1111	45-49	0.16966908092463484
1111	50-54	0.45326834660304627
1111	55-59	0.4695104506482082
1111	60-64	0.46222560942680957
1111	65-69	0.37988394263093284
1111	70-74	0.2055035391283866
1111	75-79	0.29151137173465713
1111	80-84	0.4567138773946695
1111	85-89	0.3529759093956315
1111	90-94	0.14574045854859463
1111	95-99	0.21817126661350983
1111	100-104	0.13722451066851704
1111	105-109	0.3200621501265388
1111	110-114	0.21510918949974212
1111	115-119	0.23126712185565168
1111	120-124	-0.09568282180318732
1111	125-129	0.4101325832294975
1111	130-134	-0.0222218266217169
1111	135-139	-0.01652939704895573
1111	140-144	0.18321515634148966
1111	145-149	0.24950557408194385
1111	150-154	-0.1948601193188253
1111	155-159	0.07476762591079478
1111	160-164	-0.1239579336985841
1111	165-169	-0.27970566698127897
1111	170-174	-0.5119827917051296
1111	175-179	-0.3877177792727764
1111	180-184	-0.5328831811529611
1111	185-189	-0.1397788595091498
1111	190-194	-0.26688798712607564
1111	195-199	-0.09208221472132294
1111	200-204	-0.1500351478088504
1111	205-209	-0.5473546614528502
1111	210-214	-0.7213363269172817
1111	215-219	0.3118455987916846
1111	220-224	-0.017064979186443452
1111	225-229	0.08321691950119003
1111	230-234	0.24860579423367568
1111	235-239	0.23217516128492122
1111	240-244	0.3313696100063268
1111	245-249	-0.05431647441155718
1111	250-254	-0.5462426448185269
1111	255-259	-1.4691748190966365
1111	260-264	-0.33437604415399846
1111	265-269	0.1346260716584453
1111	270-274	-0.0034077778834458172
1111	275-279	-0.5625819254870343
1111	280-284	-0.46073495083960125
1111	285-289	-0.6478273407792763
1111	290-294	-0.4988424003464864
1111	295-299	-1.0116487699221857
1111	300	-0.681290401821407
1112	1	-0.1368074142999447
1112	2	0.06404524299484393
1112	3	-0.03294295369758515
1112	4	-0.20066734813810427
1112	5	-0.04579576679812192
1112	6	-0.05089049654278455
1112	7	0.0042017663054707555
1112	8	-0.004899112234312497
1112	9	-0.12085362303265867
1112	10-14	-0.030018001160428298
1112	15-19	0.02157572192740531
1112	20-24	-0.013305433035348813
1112	25-29	-0.056597688833186055
1112	30-34	-0.16489483292320273
1112	35-39	-0.12395470932708719
1112	40-44	-0.23004410158019084
1112	45-49	-0.30818530543658085
1112	50-54	-0.2570641409759702
1112	55-59	-0.00937623345791394
1112	60-64	0.06257169458907441
1112	65-69	-0.04484527575046826
1112	70-74	-0.14529759789094499
1112	75-79	-0.39369764816773056
1112	80-84	0.07454742523604097
1112	85-89	-0.04344115313946162
1112	90-94	0.008595545838169016
1112	95-99	-0.12243739099227469
1112	100-104	-0.13078673549524922
1112	105-109	-0.18056715888453567
1112	110-114	-0.30345961973869606
1112	115-119	-0.2287424267798528
1112	120-124	-0.4004744665126836
1112	125-129	-0.012097507929695439
1112	130-134	-0.26217337452556677
1112	135-139	-0.5780324426376993
1112	140-144	-0.5007565567690051
1112	145-149	-0.23473666069664034
1112	150-154	-0.18588646684479926
1112	155-159	-0.12728359375267218
1112	160-164	-0.07486273278765054
1112	165-169	0.02437482143882619
1112	170-174	-0.09842301274627374
1112	175-179	-0.4004907054724427
1112	180-184	0.14036653989317927
1112	185-189	-0.009082539182045934
1112	190-194	-0.13492607661971334
1112	195-199	-0.15580391463266352
1112	200-204	-0.22525137606874068
1112	205-209	0.21071515640353056
1112	210-214	-0.15865372498813457
1112	215-219	0.40433808460923615
1112	220-224	0.3851976746232211
1112	225-229	0.36430138398384315
1112	230-234	0.2866741635103125
1112	235-239	0.23635514761417653
1112	240-244	0.5779878397586629
1112	245-249	0.2368757254767715
1112	250-254	-0.21965296813510093
1112	255-259	-0.3210829385584546
1112	260-264	-0.5735734765038103
1112	265-269	-0.2744504689373244
1112	270-274	-1.0055838926659284
1112	275-279	-0.7897691859350324
1112	280-284	-0.5213099287598659
1112	285-289	-0.18116868938654562
1112	290-294	-0.3169677532544455
1112	295-299	-0.8396656955434487
1112	300	-0.11853900128356187
1113	1	0.037172986434541144
1113	2	-0.08258423503608725
1113	3	-0.27529323089409985
1113	4	-0.30785495291689813
1113	5	-0.11183996034620947
1113	6	-0.041468880137429665
1113	7	0.008921862379210665
1113	8	-0.01614161576137718
1113	9	0.048236713587648694
1113	10-14	0.05779250397901592
1113	15-19	0.14004353761009014
1113	20-24	-0.1612682804514165
1113	25-29	-0.09046697448877694
1113	30-34	-0.445576827878547
1113	35-39	-0.3552547689531238
1113	40-44	-0.34835457842523
1113	45-49	-0.39168160843870226
1113	50-54	-1.0942679406064428
1113	55-59	-0.7223562052520478
1113	60-64	-0.4723750029505567
1113	65-69	-0.48154384475243006
1113	70-74	-0.7839557472021639
1113	75-79	-0.48387416875086586
1113	80-84	-0.31669819665590637
1113	85-89	-0.8563925963430066
1113	90-94	-0.4574030077448441
1113	95-99	-0.5272361781061647
1113	100-104	-0.4448139572377272
1113	105-109	-0.41862984261354086
1113	110-114	-0.26225792571029416
1113	115-119	-0.640382472498878
1113	120-124	-0.8154581212809404
1113	125-129	-0.7996047002349158
1113	130-134	-1.0856642423686367
1113	135-139	-1.379020349832615
1113	140-144	-0.8594405977450279
1113	145-149	-1.0692351814818437
1113	150-154	-1.5589341813668938
1113	155-159	-1.5484159372853838
1113	160-164	-0.9195908953110958
1113	165-169	-1.1517340740975683
1113	170-174	-0.2897678314557339
1113	175-179	-0.3491612536656348
1113	180-184	-0.29601914920521466
1113	185-189	0.011552729760701652
1113	190-194	-0.11306650675764018
1113	195-199	-0.2727176556011841
1113	200-204	-0.26543306321421056
1113	205-209	-0.07277328062469479
1113	210-214	-0.19231789771719576
1113	215-219	0.3343972669737312
1113	220-224	-0.5738548561750889
1113	225-229	-0.6227186874325881
1113	230-234	-0.4734027733921522
1113	235-239	-0.3964191157580501
1113	240-244	-0.4886957878297906
1113	245-249	-0.7033195597822441
1113	250-254	-0.5402617350911498
1113	255-259	-0.52285447434069
1113	260-264	-0.2543863856111841
1113	265-269	-0.6317818500241188
1113	270-274	-0.32015664523769516
1113	275-279	-1.0159296991549915
1113	280-284	-0.9721970449350152
1113	285-289	-0.6980873643497816
1113	290-294	0.07959304732164796
1113	295-299	-0.03550657415716074
1113	300	-0.26922629837550005
1114	1	-4.804251855290431E-4
1114	2	0.04186464895398956
1114	3	-0.12136670596316179
1114	4	-0.23598288955269453
1114	5	-0.15975614125357396
1114	6	-0.13174415551879548
1114	7	-0.11423931785692787
1114	8	-0.23936391334989082
1114	9	-0.002953485026083058
1114	10-14	-0.04373578311003712
1114	15-19	0.0531223131996299
1114	20-24	0.33685624326949437
1114	25-29	0.242808842622253
1114	30-34	0.2717001094216869
1114	35-39	0.4682623797535328
1114	40-44	0.46122568069565517
1114	45-49	-0.03852335917559202
1114	50-54	-0.16651395395051338
1114	55-59	0.17381746010367038
1114	60-64	0.259258341055876
1114	65-69	0.3495437114241682
1114	70-74	0.060291213683534295
1114	75-79	0.26970537996255217
1114	80-84	0.2834069021765231
1114	85-89	-0.08452425304609079
1114	90-94	0.1469791895375181
1114	95-99	0.18660483370655356
1114	100-104	0.22317813131795816
1114	105-109	0.4055884283580298
1114	110-114	0.4981916726005835
1114	115-119	0.4843403328139644
1114	120-124	0.5175314697263147
1114	125-129	0.2978505365632955
1114	130-134	0.39459064916619013
1114	135-139	0.03299656547327601
1114	140-144	0.166994330877408
1114	145-149	-0.0312785807336553
1114	150-154	-0.1437419890195386
1114	155-159	-0.3530106287159356
1114	160-164	-0.08684050215316574
1114	165-169	-0.09712225514356732
1114	170-174	0.5902882678815757
1114	175-179	0.7737467019734012
1114	180-184	0.6985217720855488
1114	185-189	0.8901293501686922
1114	190-194	0.7693100430444773
1114	195-199	0.7827488561621507
1114	200-204	1.1650482355894525
1114	205-209	1.0462826660190245
1114	210-214	1.0978016739015644
1114	215-219	0.8595149031449552
1114	220-224	0.5654918658126604
1114	225-229	0.3996566421684946
1114	230-234	0.7408606969465978
1114	235-239	0.5048089165965237
1114	240-244	0.9026981156092333
1114	245-249	0.2971851975779387
1114	250-254	0.4433086194987865
1114	255-259	0.9142508913325145
1114	260-264	1.149878279339724
1114	265-269	0.35768986232336175
1114	270-274	1.247483950797978
1114	275-279	1.0514565520558108
1114	280-284	0.8631951063383703
1114	285-289	1.1077132244338515
1114	290-294	1.184094433123569
1114	295-299	0.739522798638454
1114	300	1.2341804472635793
1115	1	-0.0022137527968908444
1115	2	-0.014732638832462897
1115	3	-0.20295412335222807
1115	4	-0.06661073265628659
1115	5	-0.1008817957038346
1115	6	-0.10361352295506521
1115	7	0.03553366300308625
1115	8	-0.11921499909360733
1115	9	0.035044970042157786
1115	10-14	0.00945587425842831
1115	15-19	0.030114121846175124
1115	20-24	0.008329128356848514
1115	25-29	0.04621026372785764
1115	30-34	-0.1600607978545625
1115	35-39	0.0433129976410811
1115	40-44	0.030541392465167405
1115	45-49	-0.7922936727609837
1115	50-54	-0.8352323348012689
1115	55-59	-0.3102646335966526
1115	60-64	0.10468940206666133
1115	65-69	0.07761637031848068
1115	70-74	-0.04694195995354278
1115	75-79	0.20440249932588728
1115	80-84	0.36962067410266997
1115	85-89	-0.3167595207836129
1115	90-94	0.12334415595368853
1115	95-99	0.17999343254818712
1115	100-104	0.24387426774598708
1115	105-109	0.36765748165658607
1115	110-114	0.32484795440013414
1115	115-119	0.3263134300120214
1115	120-124	0.39216454012522206
1115	125-129	0.3247029429804016
1115	130-134	0.20594679889882173
1115	135-139	0.28509015751082956
1115	140-144	0.20450471911051693
1115	145-149	-0.5650112547916066
1115	150-154	-0.24588326916743597
1115	155-159	-0.2568839392599003
1115	160-164	-0.41122400111893853
1115	165-169	-0.2790434381836491
1115	170-174	0.18247621631748956
1115	175-179	0.37521797555984904
1115	180-184	0.4534240665136835
1115	185-189	0.6718337410436988
1115	190-194	-0.06094589094949043
1115	195-199	0.5798921175696066
1115	200-204	0.3635501672806356
1115	205-209	0.2585139485590915
1115	210-214	-0.04369258602857684
1115	215-219	-0.01962965421293461
1115	220-224	0.1309410241481359
1115	225-229	0.1849055313595187
1115	230-234	0.37985123011701916
1115	235-239	0.2695324062772215
1115	240-244	0.68801725157482
1115	245-249	0.025965546408158957
1115	250-254	0.32773721637148867
1115	255-259	0.04454827122548721
1115	260-264	0.16431556891542698
1115	265-269	-1.0860236355990196
1115	270-274	-0.5538772532754344
1115	275-279	-0.9905250566185693
1115	280-284	-0.11163957104423972
1115	285-289	0.4275069874546027
1115	290-294	0.7370428045330826
1115	295-299	-0.4569763562286937
1115	300	-1.5564867883100142
1117	1	0.05206847320513219
1117	2	0.05530983176682014
1117	3	-0.11010107997378071
1117	4	0.12099160896594441
1117	5	-0.02941139468537557
1117	6	-0.02218893174762826
1117	7	0.06009481753554269
1117	8	-0.05195993549205724
1117	9	0.02065171524986198
1117	10-14	0.09264381970406532
1117	15-19	0.12156586501905764
1117	20-24	0.05980962315284444
1117	25-29	0.08949681934476672
1117	30-34	-0.03039774654412497
1117	35-39	0.13980989668044685
1117	40-44	0.06764074242241236
1117	45-49	0.18556922623390903
1117	50-54	0.08972947697832012
1117	55-59	0.46216047173616204
1117	60-64	0.09449059165519458
1117	65-69	0.12935770570508254
1117	70-74	0.07061351094574775
1117	75-79	0.3583820819706034
1117	80-84	-0.0014690960827081767
1117	85-89	0.1740538715405009
1117	90-94	-0.027184164738670802
1117	95-99	0.11976961978657386
1117	100-104	0.20344383160411894
1117	105-109	0.06282454430447615
1117	110-114	0.09566600759951172
1117	115-119	0.2629304413210676
1117	120-124	-0.01086329498318861
1117	125-129	-0.03926435203166534
1117	130-134	0.022589512802561273
1117	135-139	0.45040151892864344
1117	140-144	0.13658904566606367
1117	145-149	0.4858549842976174
1117	150-154	0.817561441946637
1117	155-159	0.5351447781153027
1117	160-164	0.45179886387794
1117	165-169	0.3607696216967682
1117	170-174	0.01952840095751185
1117	175-179	-0.16503909439381914
1117	180-184	0.315437436519332
1117	185-189	0.09868934483600356
1117	190-194	0.14262166408254018
1117	195-199	-0.06947475927673707
1117	200-204	-0.17168010433120884
1117	205-209	0.12957101705731588
1117	210-214	0.36947817413390993
1117	215-219	-0.10757441882074659
1117	220-224	0.2203116170650432
1117	225-229	-0.2973940028713855
1117	230-234	-0.07048983784704177
1117	235-239	0.11400443632776103
1117	240-244	0.09683034122083001
1117	245-249	-0.44628414565190866
1117	250-254	0.005076124032584062
1117	255-259	-0.4702911386039901
1117	260-264	-0.32153346262404625
1117	265-269	-0.14646173859289036
1117	270-274	-0.08568814962311322
1117	275-279	-0.25544918071362943
1117	280-284	-0.3475468814803726
1117	285-289	-0.09025907771238195
1117	290-294	0.25911854098996656
1117	295-299	-0.6021038667393945
1117	300	-1.9229617582627796
1119	1	0.05521084671099885
1119	2	0.1541412074491575
1119	3	0.07442417168820725
1119	4	-0.05547191269345575
1119	5	-0.0674935753111825
1119	6	0.018169302863306314
1119	7	0.08343989126542084
1119	8	0.01594919488681512
1119	9	-0.014422736225562005
1119	10-14	0.1024366568662245
1119	15-19	0.17945213407636373
1119	20-24	0.18650482515717215
1119	25-29	0.11293341727024142
1119	30-34	0.37069567910011614
1119	35-39	0.39771382155369395
1119	40-44	0.5867020243205872
1119	45-49	0.5100257833737629
1119	50-54	0.6588004920393544
1119	55-59	0.4960574286955648
1119	60-64	0.8099342120940847
1119	65-69	0.4510587664363541
1119	70-74	0.37597156059581494
1119	75-79	0.2529570172903064
1119	80-84	0.3970200848157148
1119	85-89	0.31076529883801385
1119	90-94	0.13964556015224616
1119	95-99	0.24915553332765938
1119	100-104	0.3584638721900433
1119	105-109	0.3839771871063249
1119	110-114	0.5479312721072844
1119	115-119	0.3702571134539312
1119	120-124	0.6776575611175844
1119	125-129	0.46413335359439145
1119	130-134	0.542493969491197
1119	135-139	0.35990942783836744
1119	140-144	0.2201496284620461
1119	145-149	0.061433609503403375
1119	150-154	0.008073188497078831
1119	155-159	0.21648871646176815
1119	160-164	0.2928773414007253
1119	165-169	0.4744191459204927
1119	170-174	0.3116262461721675
1119	175-179	0.042358184468852755
1119	180-184	0.31534189256671397
1119	185-189	-0.6340466378634346
1119	190-194	-0.3898492513665772
1119	195-199	-1.5609796613926221
1119	200-204	-1.1380753774115249
1119	205-209	-0.2327529364474188
1119	210-214	0.47352255038519075
1119	215-219	0.4185611132308722
1119	220-224	0.3680142077926405
1119	225-229	0.0642707567963896
1119	230-234	-0.30435223471190653
1119	235-239	-0.15994425651373945
1119	240-244	-0.23217740574915524
1119	245-249	-0.33976039606037745
1119	250-254	0.2082017368163278
1119	255-259	0.17541424678750417
1119	260-264	0.34943028357810846
1119	265-269	0.7526593366629513
1119	270-274	0.3457932410151727
1119	275-279	0.7889325925311326
1119	280-284	-0.008659762948475702
1119	285-289	0.48082478337862966
1119	290-294	0.7053586341844742
1119	295-299	0.5910660933644962
1119	300	0.23469697974132586
2101	1	0.015506364454225263
2101	2	0.04592744150625805
2101	3	0.05576914230839236
2101	4	0.11882190223677469
2101	5	0.005608270521328507
2101	6	-0.030820123758452667
2101	7	0.007232718480231881
2101	8	0.1092205670772799
2101	9	0.030613312241698054
2101	10-14	0.01500836584457943
2101	15-19	0.08772914735914839
2101	20-24	0.029190001841328694
2101	25-29	-0.03247707069574801
2101	30-34	0.1284635580183675
2101	35-39	-0.2038552118102217
2101	40-44	-0.3903585378341887
2101	45-49	-0.2881945741221017
2101	50-54	-0.19450444713227455
2101	55-59	-0.24567478974138623
2101	60-64	-0.5112507283048302
2101	65-69	-0.3209975345091962
2101	70-74	0.008392235091399414
2101	75-79	-0.40161852661915276
2101	80-84	-0.6419657338774627
2101	85-89	-0.22046901277972353
2101	90-94	-0.2112066363926175
2101	95-99	-0.3395382814600225
2101	100-104	-0.15094064933096263
2101	105-109	-0.4482510811685856
2101	110-114	-0.1648879669326888
2101	115-119	-0.1995418279617951
2101	120-124	-0.39074986143786816
2101	125-129	-0.41552042921925647
2101	130-134	-0.324267801366517
2101	135-139	-0.322668552910784
2101	140-144	-0.26849838046345553
2101	145-149	-0.18616917180435166
2101	150-154	-0.4310754686808167
2101	155-159	-0.28279622141661065
2101	160-164	-0.26987162039608137
2101	165-169	-0.2029363809220044
2101	170-174	-0.47587611855949774
2101	175-179	-0.308899317533303
2101	180-184	-0.2887826761243346
2101	185-189	-0.7480149376529326
2101	190-194	-0.3137420420652077
2101	195-199	-0.31083086342825084
2101	200-204	-0.39633104864258684
2101	205-209	-0.43758603654935513
2101	210-214	-0.31384131764519196
2101	215-219	-0.6492262565248978
2101	220-224	-0.40286123647638306
2101	225-229	-0.7563876451859741
2101	230-234	-0.2583841058354466
2101	235-239	-0.646594742721291
2101	240-244	-0.7790149740384962
2101	245-249	-0.789959815843627
2101	250-254	-0.6647930423892987
2101	255-259	-0.8458594488667224
2101	260-264	-0.263318624922789
2101	265-269	-0.6471932198569803
2101	270-274	-0.7409072758777668
2101	275-279	-0.7867485017233307
2101	280-284	-1.7088766509771602
2101	285-289	-0.9301430903493042
2101	290-294	-0.5915215215036582
2101	295-299	-1.2771191031024607
2101	300	-0.768975588029523
2102	1	0.14343503661911683
2102	2	0.1050540543469154
2102	3	0.04876826143610202
2102	4	0.09793062378528106
2102	5	0.1270162056745221
2102	6	0.03440322072651014
2102	7	0.10011682215844786
2102	8	-0.001255423447638293
2102	9	-0.12494553961201404
2102	10-14	-0.18202423555842273
2102	15-19	-0.019878850778702883
2102	20-24	-0.14157978244314506
2102	25-29	-0.2351662023408494
2102	30-34	-0.00499494945416501
2102	35-39	-0.10444989164358276
2102	40-44	-0.22177818379124403
2102	45-49	5.735074177408706E-4
2102	50-54	-0.06549855358613144
2102	55-59	-0.3053628878176866
2102	60-64	-0.5854668395151492
2102	65-69	-0.5151737466152113
2102	70-74	-0.313025131298879
2102	75-79	-0.20946504188038517
2102	80-84	-0.3538505302882058
2102	85-89	-0.07828820214984944
2102	90-94	-0.0027526320389696934
2102	95-99	-0.04734572709159579
2102	100-104	0.033800394665412625
2102	105-109	0.25718432815175163
2102	110-114	0.2735440030327325
2102	115-119	0.15270471406135044
2102	120-124	0.08532453049151201
2102	125-129	0.10065170958382197
2102	130-134	0.1631006416530454
2102	135-139	0.049661040620499364
2102	140-144	0.09524537452772819
2102	145-149	0.3755608941656732
2102	150-154	0.36341405838329877
2102	155-159	0.34317851884947714
2102	160-164	0.24186355342078514
2102	165-169	0.2903988936036157
2102	170-174	-0.1641940740069856
2102	175-179	-0.17737272569825535
2102	180-184	0.3343518210477896
2102	185-189	0.15784148275517396
2102	190-194	0.11146346602968293
2102	195-199	0.22381203032680475
2102	200-204	0.2321244638502833
2102	205-209	0.4513670837444579
2102	210-214	-0.043778787634558114
2102	215-219	-0.37304014047828815
2102	220-224	0.13039827294951323
2102	225-229	0.14409349126428594
2102	230-234	0.39331587940132806
2102	235-239	0.35526760831589144
2102	240-244	0.4332853472310205
2102	245-249	0.8360135405570261
2102	250-254	0.09324523224044867
2102	255-259	0.24834703821532145
2102	260-264	0.30274368142463004
2102	265-269	0.411150056910742
2102	270-274	0.19006017140222298
2102	275-279	0.3064200106460042
2102	280-284	0.06607713532269699
2102	285-289	0.2826674744496174
2102	290-294	0.38414741065140845
2102	295-299	0.917991022289101
2102	300	0.5395781100202619
2103	1	0.11425569477418662
2103	2	0.2268364955803932
2103	3	0.211743138463639
2103	4	0.10362162851209433
2103	5	0.051585913337632405
2103	6	-0.08409964257927527
2103	7	-0.019968671753019862
2103	8	0.11639053299675339
2103	9	0.06978970708955501
2103	10-14	-0.09633383052586453
2103	15-19	-0.26976329983830993
2103	20-24	0.015484453935982856
2103	25-29	0.08693002892328394
2103	30-34	0.2926013937648406
2103	35-39	0.30563171450848614
2103	40-44	0.43615252781778935
2103	45-49	0.45212069768460594
2103	50-54	0.6130162348325641
2103	55-59	0.5676769666848145
2103	60-64	0.3498567627070557
2103	65-69	0.31912016826655076
2103	70-74	0.22790744749943315
2103	75-79	0.46189219874546694
2103	80-84	0.35663316538065004
2103	85-89	0.4281598051876969
2103	90-94	0.4027437873562292
2103	95-99	0.4772535940101932
2103	100-104	0.5027747184904356
2103	105-109	0.703687469960883
2103	110-114	0.637736404746164
2103	115-119	0.4197229993164271
2103	120-124	0.44289942983432695
2103	125-129	0.501803967814979
2103	130-134	0.486896327003123
2103	135-139	0.42035936020132425
2103	140-144	0.6309910787169528
2103	145-149	0.7619822704863637
2103	150-154	0.47773844068007065
2103	155-159	0.5102965446015588
2103	160-164	0.5306882675964957
2103	165-169	0.33381296223819135
2103	170-174	-0.11869540175811721
2103	175-179	-0.46330576821750924
2103	180-184	0.08326044144556022
2103	185-189	-0.06675665782044149
2103	190-194	0.07007602390821432
2103	195-199	0.35632394708708404
2103	200-204	0.1394142644237064
2103	205-209	0.07223360474700513
2103	210-214	0.01092389514282388
2103	215-219	-0.25078328442883446
2103	220-224	0.25148148577729756
2103	225-229	0.12198966450701221
2103	230-234	0.0959411806314705
2103	235-239	0.4291384125623807
2103	240-244	-0.1724921147674081
2103	245-249	-0.2798701886371475
2103	250-254	0.08226858267872217
2103	255-259	-0.1882779627547393
2103	260-264	-0.16983144306774278
2103	265-269	-0.2872071746775049
2103	270-274	-0.4319673605701304
2103	275-279	-1.6932551119725687
2103	280-284	-0.30746128555052366
2103	285-289	0.6661514280538228
2103	290-294	0.19579219724833052
2103	295-299	0.44067069069758347
2103	300	0.6868256431113373
2104	1	0.06745849040425611
2104	2	0.12110681076021734
2104	3	0.059459735437812355
2104	4	-0.0553004898361209
2104	5	0.09449756178078417
2104	6	-0.04255551280301262
2104	7	-0.03193202057993716
2104	8	-0.016132852594722635
2104	9	-0.11696650424714505
2104	10-14	-0.14052604121047807
2104	15-19	-0.14740868178083844
2104	20-24	-0.0978565228855075
2104	25-29	-0.04689529806847759
2104	30-34	-0.09277085646887429
2104	35-39	-0.19516866870976912
2104	40-44	0.07199766858912682
2104	45-49	0.07929844013067111
2104	50-54	-8.95212591750294E-4
2104	55-59	-0.07699740275985789
2104	60-64	-0.3010001999408374
2104	65-69	-0.28106410218679656
2104	70-74	-0.4659828299180617
2104	75-79	-0.5204224891722191
2104	80-84	-0.8195808799779059
2104	85-89	-0.2339840593324638
2104	90-94	-0.03829057163330418
2104	95-99	-0.05310290127103201
2104	100-104	-0.16244683397005844
2104	105-109	-0.20774721278007036
2104	110-114	-0.14041892559330904
2104	115-119	-0.29591586259589064
2104	120-124	-0.35840246080285
2104	125-129	4.5928982294185516E-4
2104	130-134	0.07443695111182791
2104	135-139	-0.1333924169258296
2104	140-144	0.2842700533961633
2104	145-149	-0.13693248693187599
2104	150-154	0.11479183495414702
2104	155-159	-0.008660685295453163
2104	160-164	-0.07405995331384929
2104	165-169	-0.14949350783528104
2104	170-174	-0.11911063531640309
2104	175-179	-0.10885111910992151
2104	180-184	0.11037013993165345
2104	185-189	-0.5176494556997895
2104	190-194	-0.3597506940852284
2104	195-199	-0.12157235468153971
2104	200-204	-0.2667348122700872
2104	205-209	-0.16395423208398796
2104	210-214	-0.1668031108740351
2104	215-219	-0.15977142686801216
2104	220-224	-0.07724339145612902
2104	225-229	-0.17114021826699144
2104	230-234	-0.46798488064440136
2104	235-239	-0.49062274063085454
2104	240-244	-1.0529466092845254
2104	245-249	-1.1322222672138054
2104	250-254	-0.294169074292185
2104	255-259	-0.15105830414750443
2104	260-264	0.10658320934065557
2104	265-269	-0.05463796858118286
2104	270-274	-0.37373747251947265
2104	275-279	0.38838104242651283
2104	280-284	0.9578903169017146
2104	285-289	0.327926543604093
2104	290-294	-0.4026609599575721
2104	295-299	0.5568302149235578
2104	300	0.5121149907039921
2105	1	0.09576721948882749
2105	2	0.23047930029626684
2105	3	0.0680405863336162
2105	4	-0.034027187057262154
2105	5	0.12227889486721466
2105	6	0.09972612392190427
2105	7	-0.02705837322358917
2105	8	0.07338422151031665
2105	9	0.023794670693099818
2105	10-14	0.09764980890236785
2105	15-19	0.10808664438246751
2105	20-24	-0.13259633491822598
2105	25-29	0.022172161295657133
2105	30-34	0.19148037435188314
2105	35-39	0.25130643699773714
2105	40-44	0.06660130573787626
2105	45-49	0.39330803455285235
2105	50-54	0.3170805481787795
2105	55-59	0.27704438430181
2105	60-64	0.19128288263920012
2105	65-69	0.2606204874887652
2105	70-74	0.18642035531641454
2105	75-79	0.2493080420297602
2105	80-84	-0.012670792813494813
2105	85-89	0.25655076724117976
2105	90-94	0.040156034574323485
2105	95-99	0.1292191377585823
2105	100-104	0.08346006552066143
2105	105-109	0.18014422968438026
2105	110-114	-0.15658404857656905
2105	115-119	0.10301142921602491
2105	120-124	-0.11805959414245137
2105	125-129	-0.012958121445365123
2105	130-134	0.03275721808115151
2105	135-139	-0.0641488289433596
2105	140-144	0.06704721111476175
2105	145-149	-0.44797251675872474
2105	150-154	-0.037619979339631016
2105	155-159	-0.25390984869684274
2105	160-164	-0.2150201274370147
2105	165-169	0.06318647269447553
2105	170-174	-0.19533893714609007
2105	175-179	0.07032801289622626
2105	180-184	0.3273250350468615
2105	185-189	0.22811020439377216
2105	190-194	0.00625195304438364
2105	195-199	-0.3420829333812847
2105	200-204	-0.5409017109537899
2105	205-209	0.02122775883974981
2105	210-214	-0.0925933447409264
2105	215-219	-0.27259595301837436
2105	220-224	-0.08618902399549455
2105	225-229	-0.07607620363502576
2105	230-234	-0.7885035542762324
2105	235-239	-0.3757511866308505
2105	240-244	-0.6886804696506061
2105	245-249	-0.5649178065192189
2105	250-254	-0.20427902910234508
2105	255-259	0.036750847348891114
2105	260-264	0.15070955672845088
2105	265-269	0.034836190124686084
2105	270-274	0.5064510411371259
2105	275-279	0.3864211405262665
2105	280-284	-0.07232023286398714
2105	285-289	0.15305242930059393
2105	290-294	-0.9745897429152741
2105	295-299	0.5201169564038146
2105	300	0.3533513516080262
2106	1	0.03416313079311095
2106	2	0.13740513232169604
2106	3	0.11520009644133467
2106	4	0.014652169590220865
2106	5	0.07002729520525719
2106	6	-0.08670123063294
2106	7	-0.010454083312524176
2106	8	-0.019439098006230893
2106	9	-0.040046932590733775
2106	10-14	0.018585862667109154
2106	15-19	-0.07821595487735067
2106	20-24	5.572662416071239E-4
2106	25-29	-0.02381472247652283
2106	30-34	-0.39753996746316744
2106	35-39	-0.32450800540283353
2106	40-44	-0.3503152921409409
2106	45-49	-0.258373199956452
2106	50-54	-0.3981843205945239
2106	55-59	-0.2525512872692488
2106	60-64	-0.13327167321706668
2106	65-69	-0.0410630656497446
2106	70-74	0.23793510072629687
2106	75-79	0.10942761286610647
2106	80-84	0.08474823225110839
2106	85-89	0.22346379065623267
2106	90-94	-0.029763455572478392
2106	95-99	-0.0985520832649911
2106	100-104	-0.12416925779479016
2106	105-109	-0.37872984993128256
2106	110-114	-0.8815094400180996
2106	115-119	-0.8258686280691805
2106	120-124	-0.973551519182486
2106	125-129	-0.5358603549595458
2106	130-134	-0.4185035501949841
2106	135-139	-0.22028456878208402
2106	140-144	-0.2320856301799168
2106	145-149	-0.7147395618301644
2106	150-154	-0.5007971155617597
2106	155-159	-0.6841937610203814
2106	160-164	-0.3926718388240076
2106	165-169	-0.23855381344935722
2106	170-174	-0.29884727545466916
2106	175-179	-0.2782591847767577
2106	180-184	-0.21303164783977735
2106	185-189	-0.35534906114512665
2106	190-194	-1.0854478320346104
2106	195-199	-1.3812949848645033
2106	200-204	-1.6734453772454003
2106	205-209	-0.5939999080777483
2106	210-214	-0.11505998185213429
2106	215-219	-0.38032648837178584
2106	220-224	-0.005595793663900395
2106	225-229	-0.16004059825836237
2106	230-234	-0.6145750676005335
2106	235-239	-0.21788794628017882
2106	240-244	-0.8079972245721194
2106	245-249	-0.6425646580768003
2106	250-254	0.05965225403902963
2106	255-259	0.4313176484790091
2106	260-264	0.3669619311468608
2106	265-269	0.03328149061318442
2106	270-274	-0.07554380413128925
2106	275-279	0.6953811599687718
2106	280-284	0.7730662787340741
2106	285-289	0.09320255501219066
2106	290-294	-0.9879070797391449
2106	295-299	-0.3902175939152315
2106	300	-0.7361092913130847
2107	1	0.12069799889479782
2107	2	0.06495050042006056
2107	3	0.1891912699716798
2107	4	0.1200919082096803
2107	5	0.04718930370366792
2107	6	0.006305643019096863
2107	7	-0.010084355753861018
2107	8	0.05930710885057522
2107	9	0.03446779998851923
2107	10-14	0.09099204372085268
2107	15-19	0.07526084207770367
2107	20-24	-0.07638207583412537
2107	25-29	-0.06504033959334521
2107	30-34	-0.19947279678174112
2107	35-39	-0.3376094852625471
2107	40-44	-0.06336468995000644
2107	45-49	0.0014866482922428759
2107	50-54	0.1534012849146862
2107	55-59	0.18365781997827213
2107	60-64	0.1603944195939988
2107	65-69	0.2545389209729976
2107	70-74	0.28358836786555486
2107	75-79	0.09731108832210822
2107	80-84	0.35526054203427293
2107	85-89	0.3036607531621698
2107	90-94	-0.027029795663324307
2107	95-99	-0.13248912984442285
2107	100-104	-0.0900633124244763
2107	105-109	0.10642573666867605
2107	110-114	-0.177599990297459
2107	115-119	-0.02334941322746431
2107	120-124	-0.05516687257154018
2107	125-129	-0.06872670958237848
2107	130-134	-0.25158079826152857
2107	135-139	-0.023256005966480586
2107	140-144	0.24021119470896934
2107	145-149	-0.22476949189331918
2107	150-154	0.05625197972602081
2107	155-159	-0.09165048560896594
2107	160-164	0.06895418170640966
2107	165-169	0.03221231063403707
2107	170-174	-0.4493428409542517
2107	175-179	-0.3954667692632299
2107	180-184	0.005890081395961033
2107	185-189	-0.03736761805683386
2107	190-194	-0.5232878144007245
2107	195-199	-0.31073767035753974
2107	200-204	-0.7953806999372546
2107	205-209	-0.3482046887297301
2107	210-214	-0.4377281255099845
2107	215-219	-0.9489406412676189
2107	220-224	-0.4208573906373658
2107	225-229	-0.10894295831191414
2107	230-234	-0.07539466505755854
2107	235-239	-0.13056132390330077
2107	240-244	0.2755028037660239
2107	245-249	0.3030209457063151
2107	250-254	0.3702489589410618
2107	255-259	-0.38979289107059856
2107	260-264	-0.25197992123020896
2107	265-269	-0.0129873080987295
2107	270-274	-0.2873780662940213
2107	275-279	0.04888065787453044
2107	280-284	-0.8410923750851431
2107	285-289	-0.9362493392684712
2107	290-294	-2.2307067785356693
2107	295-299	-1.2588672954594635
2107	300	-1.0156551093204413
2108	1	0.06064557877088106
2108	2	0.2761045429837239
2108	3	0.04738622115082336
2108	4	0.08305942865168703
2108	5	0.09580712285423942
2108	6	0.03380467398511655
2108	7	0.03264850464987035
2108	8	0.01982897210296386
2108	9	-0.03134037435146553
2108	10-14	-0.11785275582758459
2108	15-19	-0.12342550475978697
2108	20-24	-0.1295998695453804
2108	25-29	-0.21770313615300552
2108	30-34	-0.24841994381476695
2108	35-39	-0.18012283846861266
2108	40-44	-0.6474873639767367
2108	45-49	-0.38569283949648536
2108	50-54	-0.20350427818917183
2108	55-59	-0.4224911908279907
2108	60-64	-0.2856144398093363
2108	65-69	-0.4010277131028701
2108	70-74	-0.6122978808946442
2108	75-79	-0.9378094531889332
2108	80-84	-0.8521039996909323
2108	85-89	-0.4124626538529199
2108	90-94	-0.7233327863095127
2108	95-99	-0.5960347636768049
2108	100-104	-0.4083298817625334
2108	105-109	-0.29985068654207936
2108	110-114	-0.6359584428622895
2108	115-119	-0.03810798622286882
2108	120-124	-0.013562112880130428
2108	125-129	-0.25138617491580817
2108	130-134	-0.36928440638646265
2108	135-139	-0.2140590651667722
2108	140-144	-0.18535741855959742
2108	145-149	-0.09649203184330446
2108	150-154	0.32563193236588717
2108	155-159	-0.21836266033876228
2108	160-164	-0.20615558983559623
2108	165-169	0.06166656282891836
2108	170-174	0.18578295199998252
2108	175-179	-0.0132095358128268
2108	180-184	0.1545282186389798
2108	185-189	0.10692910625763119
2108	190-194	0.04110351271069135
2108	195-199	0.47623337985957903
2108	200-204	0.5453627552698848
2108	205-209	0.48627992789174357
2108	210-214	0.14827732292260976
2108	215-219	0.4781399204004444
2108	220-224	-0.2364030447150256
2108	225-229	-0.0674175499296652
2108	230-234	0.037718704670744785
2108	235-239	-0.09940468939711877
2108	240-244	0.11630196949285931
2108	245-249	0.013118868328426458
2108	250-254	0.0828293465091221
2108	255-259	0.5818613299506481
2108	260-264	0.4292815930937337
2108	265-269	0.44015859355658193
2108	270-274	-0.22772469897079972
2108	275-279	0.6968606495211134
2108	280-284	0.6432947676972489
2108	285-289	-0.06827478294424694
2108	290-294	0.09083577712972613
2108	295-299	0.5359799376689871
2108	300	0.48775289969504243
2109	1	0.04038200152810845
2109	2	0.03203410805666351
2109	3	0.2102577610842502
2109	4	-0.027373529578333944
2109	5	0.062330844190832124
2109	6	0.02144718350626107
2109	7	-0.005476060822985573
2109	8	0.008615864610945323
2109	9	0.07133415943552279
2109	10-14	-0.018751034946291156
2109	15-19	-0.01544251053707768
2109	20-24	-0.02625669512040929
2109	25-29	0.1307082593667701
2109	30-34	0.47373129796706337
2109	35-39	0.5168222636162412
2109	40-44	0.4279574443233827
2109	45-49	0.4456632903049922
2109	50-54	0.5568799321921887
2109	55-59	0.5892469756247039
2109	60-64	0.19403030930045162
2109	65-69	0.12645000073217005
2109	70-74	0.37720904711594017
2109	75-79	0.19795177736100555
2109	80-84	0.3224171501704589
2109	85-89	0.5996573361270947
2109	90-94	0.14652038374345722
2109	95-99	0.07956950039468325
2109	100-104	0.2620509636878978
2109	105-109	0.47295038920909604
2109	110-114	0.5218758265532983
2109	115-119	0.6510732688716416
2109	120-124	0.7210474482854323
2109	125-129	0.3089368964290031
2109	130-134	0.4289741418156723
2109	135-139	0.5842500428067154
2109	140-144	0.30586275968000365
2109	145-149	0.6444220144912549
2109	150-154	0.6935005865959951
2109	155-159	0.5362526909469594
2109	160-164	0.21511371868862028
2109	165-169	0.2564446742737019
2109	170-174	0.14436920842809542
2109	175-179	-0.12325668710096238
2109	180-184	5.405364696642323E-4
2109	185-189	0.1206155969593965
2109	190-194	-0.12541104453686813
2109	195-199	0.24381866511608052
2109	200-204	0.12276988998514327
2109	205-209	0.24679192360962077
2109	210-214	0.2849055189073866
2109	215-219	0.04905276789455826
2109	220-224	-0.31488309031306017
2109	225-229	-0.4730831626547811
2109	230-234	-0.24060307778358947
2109	235-239	-0.46996771156371153
2109	240-244	-0.4611141813597257
2109	245-249	-0.604365824537993
2109	250-254	-0.02064877016427147
2109	255-259	-0.44910735029221627
2109	260-264	-0.13009525662783972
2109	265-269	0.3780745945833459
2109	270-274	0.16022564367262504
2109	275-279	0.34178492642361746
2109	280-284	0.9874748398491953
2109	285-289	0.06135728124300499
2109	290-294	0.4691013381051867
2109	295-299	9.616862212489252E-4
2109	300	-0.6797183756038763
2110	1	0.03968359018517731
2110	2	-0.018423170561533198
2110	3	-0.06095501300298878
2110	4	-0.06546156426276184
2110	5	-0.25873752038947373
2110	6	-0.11116470499714382
2110	7	0.03397699116487729
2110	8	0.08820295232278141
2110	9	0.010968850655359574
2110	10-14	0.005887079665036765
2110	15-19	-0.01834591414212383
2110	20-24	0.004177810600161536
2110	25-29	-0.0829412150327542
2110	30-34	0.07965994245863328
2110	35-39	-0.0965479110887486
2110	40-44	-0.023507687101883334
2110	45-49	0.191262372643898
2110	50-54	0.45216713167882006
2110	55-59	0.17354182538897334
2110	60-64	0.09482017208163285
2110	65-69	0.08720650531707719
2110	70-74	0.2639574638991746
2110	75-79	0.02270809278498831
2110	80-84	-0.08464350952339572
2110	85-89	0.31436878408011637
2110	90-94	0.06267927511450466
2110	95-99	0.12485914323036695
2110	100-104	0.02810822017390535
2110	105-109	0.14993497495090224
2110	110-114	0.04374799886094394
2110	115-119	-0.07112885579495298
2110	120-124	0.07929326011932858
2110	125-129	0.1273396390204482
2110	130-134	0.22516033136204783
2110	135-139	0.1826096303906226
2110	140-144	0.4986887309953829
2110	145-149	0.4477093403621808
2110	150-154	0.5575072287148686
2110	155-159	0.3901564659565224
2110	160-164	0.09035129753247872
2110	165-169	0.2781919951523051
2110	170-174	0.12189928576680131
2110	175-179	-0.07164020055710552
2110	180-184	-0.0358456164721801
2110	185-189	-0.26265288464540504
2110	190-194	-0.7067131151589408
2110	195-199	-0.4003511819786425
2110	200-204	-0.7573594775107892
2110	205-209	-0.4868818478562176
2110	210-214	-0.2997159967519565
2110	215-219	-0.10986253652260558
2110	220-224	-0.1272806206209509
2110	225-229	-0.016037689414787337
2110	230-234	0.22109753556132716
2110	235-239	-0.033989781504224936
2110	240-244	-0.16149873172003737
2110	245-249	-0.3093376750014869
2110	250-254	0.2819226233037213
2110	255-259	-0.2852219521790502
2110	260-264	0.21021387251276025
2110	265-269	0.12124911495190105
2110	270-274	0.07898182059245329
2110	275-279	-0.32660710806700877
2110	280-284	0.375633300142475
2110	285-289	-0.42423130510933404
2110	290-294	0.16398197186705588
2110	295-299	0.7256257038742753
2110	300	0.5942196579002967
2111	1	0.1698527299987731
2111	2	0.08247396812777197
2111	3	0.048519427114165126
2111	4	0.03071322119002673
2111	5	0.07187182748457133
2111	6	0.03543633914168254
2111	7	0.012031643521027036
2111	8	-0.003152730869203424
2111	9	0.034662353082637765
2111	10-14	0.005572671279630015
2111	15-19	0.06355591736771515
2111	20-24	0.09742339518973608
2111	25-29	0.011314896389706064
2111	30-34	0.12458404566137915
2111	35-39	0.23793256234403515
2111	40-44	0.35029367709150705
2111	45-49	0.3743618196523357
2111	50-54	0.3253592398664793
2111	55-59	-3.191041358198447
2111	60-64	0.4039713121942441
2111	65-69	0.5731219041455589
2111	70-74	0.40393296781292065
2111	75-79	0.5797537384009317
2111	80-84	0.44858051312941427
2111	85-89	0.5288921940011022
2111	90-94	0.3261826578904703
2111	95-99	0.23054031952823806
2111	100-104	0.41840701987696605
2111	105-109	0.5909551791608862
2111	110-114	0.379451769611741
2111	115-119	0.3787632055175436
2111	120-124	0.4416387123427654
2111	125-129	0.3391482713959135
2111	130-134	0.3623737982842741
2111	135-139	0.5614307168723229
2111	140-144	0.672852716960179
2111	145-149	0.470030534704172
2111	150-154	0.23090673625564762
2111	155-159	0.412569518377353
2111	160-164	0.48747491473673676
2111	165-169	-0.07749952633717072
2111	170-174	-0.18728315866943746
2111	175-179	-0.37549367284473334
2111	180-184	0.14810815291033208
2111	185-189	0.15618861697702613
2111	190-194	0.035260371825856396
2111	195-199	-0.28907898223130246
2111	200-204	-0.06363466061644374
2111	205-209	0.025499654847706665
2111	210-214	0.29216846838804855
2111	215-219	0.2693837814153568
2111	220-224	-0.13343949656504606
2111	225-229	-0.13572886741200563
2111	230-234	-0.10717778812036727
2111	235-239	0.5576360424737956
2111	240-244	0.27817020072004084
2111	245-249	0.16113217087783482
2111	250-254	0.3320781706270921
2111	255-259	0.5662624752978118
2111	260-264	0.5562248409745365
2111	265-269	0.7554413437982319
2111	270-274	0.28402960942073463
2111	275-279	-0.1298873626658157
2111	280-284	0.10784784865839114
2111	285-289	-0.10710711510182591
2111	290-294	0.6618677445810519
2111	295-299	1.0202959719477
2111	300	0.7723583683482076
2112	1	-0.03385738853631182
2112	2	0.12039868036760026
2112	3	-0.03759707245531274
2112	4	-0.04815566442179886
2112	5	0.18579359696632025
2112	6	0.08029772929796053
2112	7	0.0716245564886222
2112	8	0.0852434164930429
2112	9	0.07296274534041203
2112	10-14	-0.08935195210306546
2112	15-19	-0.018652665965269932
2112	20-24	0.09137955169070011
2112	25-29	-0.2006490625521451
2112	30-34	-0.1964408337213328
2112	35-39	-0.3192849664427939
2112	40-44	-0.2425194757176854
2112	45-49	-0.3379815209066308
2112	50-54	-0.5336008063005906
2112	55-59	-0.37496651700649153
2112	60-64	-0.4449937076136692
2112	65-69	-0.04206747378044895
2112	70-74	-0.02027092315768897
2112	75-79	-0.3258316735043323
2112	80-84	-0.06945862692359839
2112	85-89	-0.32742621713300224
2112	90-94	-0.06980201342079795
2112	95-99	-0.04329537378267645
2112	100-104	-0.04236249773241951
2112	105-109	-0.2430763204107933
2112	110-114	-0.1799950680109177
2112	115-119	-0.3311753530951975
2112	120-124	0.06107078775297481
2112	125-129	-0.10234291843048027
2112	130-134	0.07197246734801865
2112	135-139	-0.07513115481635424
2112	140-144	-0.2126885916602106
2112	145-149	0.05453070653631187
2112	150-154	0.08499260883182558
2112	155-159	0.255492185876804
2112	160-164	0.28043509413429746
2112	165-169	-0.07602156518178305
2112	170-174	-0.05097292682497567
2112	175-179	-0.5777920514647192
2112	180-184	0.21692489240022184
2112	185-189	-0.2963604852602444
2112	190-194	-0.23176580759569987
2112	195-199	-0.37322434331552756
2112	200-204	-0.42814059549372985
2112	205-209	-0.41092125348452413
2112	210-214	-0.16554767352906907
2112	215-219	0.30533924644647215
2112	220-224	-0.39328381414875224
2112	225-229	-0.11961210816788537
2112	230-234	-0.17874133692178873
2112	235-239	0.08318933402850348
2112	240-244	0.7177660657071954
2112	245-249	0.18196877927208988
2112	250-254	0.5312018994371499
2112	255-259	-0.09024651693352581
2112	260-264	0.08221049426062876
2112	265-269	0.3544872489926405
2112	270-274	-0.247689144251396
2112	275-279	-1.3624580578902723
2112	280-284	-1.3132642142956072
2112	285-289	-0.4316903964889889
2112	290-294	0.41300070856996385
2112	295-299	-0.08916373717678638
2112	300	-0.4237619968793851
2113	1	0.022942767770089745
2113	2	0.10500523199010559
2113	3	0.1308582593480736
2113	4	0.06561850594555096
2113	5	0.009225731177885166
2113	6	0.20608878208117432
2113	7	0.13889136356612397
2113	8	0.03977671604829425
2113	9	0.038533942574581204
2113	10-14	0.03772833099363737
2113	15-19	0.0164543658124785
2113	20-24	-0.13790759063233082
2113	25-29	-0.16596858524521707
2113	30-34	-0.4997282006762944
2113	35-39	-0.172204393429233
2113	40-44	-0.14004319083312566
2113	45-49	-0.03379750094309486
2113	50-54	-0.7204396942804152
2113	55-59	-0.4765502921474578
2113	60-64	-0.5843318644090445
2113	65-69	-0.2011579499331262
2113	70-74	-0.4998703833050442
2113	75-79	-0.16081811300118432
2113	80-84	-0.06538454800656268
2113	85-89	-0.28623125700149643
2113	90-94	-0.11612539390132781
2113	95-99	-0.2221997277585217
2113	100-104	-0.07537222745265382
2113	105-109	0.005928516311598742
2113	110-114	-0.06880414290940706
2113	115-119	-0.1174357427108248
2113	120-124	0.02419774139816866
2113	125-129	-0.23782975045700994
2113	130-134	0.09300015713449739
2113	135-139	-0.03705038928453064
2113	140-144	-0.2300269012883689
2113	145-149	-0.3287725070483489
2113	150-154	-0.3657140360443023
2113	155-159	0.026211393454993015
2113	160-164	-0.06688129787579555
2113	165-169	-0.3184687536892028
2113	170-174	-0.041706032230884205
2113	175-179	0.06649258044360806
2113	180-184	0.21501356879599598
2113	185-189	-0.35689763012329934
2113	190-194	-0.20855642614808545
2113	195-199	-0.1304674606504861
2113	200-204	-0.18432443746689842
2113	205-209	-0.2965648317081744
2113	210-214	-0.2986359189412653
2113	215-219	-0.4622742204447192
2113	220-224	-0.17123013709402812
2113	225-229	0.19679567496321937
2113	230-234	-0.2999735205341878
2113	235-239	0.17862431577315618
2113	240-244	-0.5112656418834476
2113	245-249	-0.3465679976199141
2113	250-254	-0.24021132454194571
2113	255-259	-0.19310219360057346
2113	260-264	-0.23784338063929056
2113	265-269	-0.009447648611264015
2113	270-274	-0.5943580291978847
2113	275-279	-0.23808255795362854
2113	280-284	-0.5949373888534666
2113	285-289	0.1419218719292772
2113	290-294	0.7357027843990238
2113	295-299	-0.18733877395708376
2113	300	0.14882637993169112
2114	1	-0.06842071875206557
2114	2	0.18415997355167946
2114	3	0.11405419916283677
2114	4	0.1017403627557627
2114	5	0.257448468261785
2114	6	0.09031013532869991
2114	7	0.09861450310412323
2114	8	-0.09590913911715404
2114	9	-0.03952234974570956
2114	10-14	-0.017933776007225788
2114	15-19	0.05006066224376582
2114	20-24	0.19909418000342072
2114	25-29	0.05889239242694799
2114	30-34	-0.03146397820687952
2114	35-39	-0.12017536843325871
2114	40-44	0.13835318171715016
2114	45-49	0.01107027277210193
2114	50-54	-0.24883715725670186
2114	55-59	0.060062739611311144
2114	60-64	0.05205877627900435
2114	65-69	0.03392623970740516
2114	70-74	-0.21236215844962203
2114	75-79	0.17600710932224928
2114	80-84	0.14012825230696535
2114	85-89	-0.41899572836263843
2114	90-94	-0.11059394092718833
2114	95-99	0.03193610817649528
2114	100-104	0.08050521148957301
2114	105-109	0.10641346957456221
2114	110-114	0.09172185045451897
2114	115-119	0.3408329163539676
2114	120-124	0.45978995222436936
2114	125-129	0.3724921124840037
2114	130-134	0.5157963753377359
2114	135-139	0.3476137848438299
2114	140-144	-0.20787093268879886
2114	145-149	0.16671062837784234
2114	150-154	0.15575511016270127
2114	155-159	0.20365192893636674
2114	160-164	-0.09377037186703063
2114	165-169	0.056561457723823594
2114	170-174	0.5453470811818946
2114	175-179	0.8070830290567059
2114	180-184	0.7440305661633388
2114	185-189	0.6006575387633077
2114	190-194	0.7012917683290496
2114	195-199	0.2570671734882808
2114	200-204	1.1308783214155937
2114	205-209	0.5882417011983634
2114	210-214	0.7355757274920833
2114	215-219	0.5058944227120392
2114	220-224	0.6861486346759023
2114	225-229	1.0032385332864209
2114	230-234	0.6316141053376967
2114	235-239	0.5528234167408144
2114	240-244	0.8231896506044478
2114	245-249	1.0383267445018944
2114	250-254	1.0061079493017928
2114	255-259	1.0080527422504915
2114	260-264	0.557848978700406
2114	265-269	0.6909593372228855
2114	270-274	0.8511025982040366
2114	275-279	1.0991332601853685
2114	280-284	1.2877674462169573
2114	285-289	1.5565866639890231
2114	290-294	1.3964369125238818
2114	295-299	1.1585441449423435
2114	300	1.8573978515093863
2115	1	0.12397378486231503
2115	2	0.04535919769021035
2115	3	0.15134993449230905
2115	4	0.11897550433180726
2115	5	0.17164038427081607
2115	6	0.05013993130327776
2115	7	-0.00992790902209606
2115	8	-0.0070772027546013305
2115	9	0.08927672220821137
2115	10-14	0.06406652480175978
2115	15-19	-0.04140807890596676
2115	20-24	0.2871486588561467
2115	25-29	0.08627106286892428
2115	30-34	0.23540055115217484
2115	35-39	0.2741344348752648
2115	40-44	0.4510779067569075
2115	45-49	0.11014570246243949
2115	50-54	0.13007860113192748
2115	55-59	0.40936166818136144
2115	60-64	0.43443503945205464
2115	65-69	0.42810015774207244
2115	70-74	0.3037889268298528
2115	75-79	0.8592266872665419
2115	80-84	0.5589563741559331
2115	85-89	0.2039001512469767
2115	90-94	0.2995837186359438
2115	95-99	0.46150930160431614
2115	100-104	0.4917694687160079
2115	105-109	0.5593087563299051
2115	110-114	0.446446434994094
2115	115-119	0.4989447370809188
2115	120-124	0.8296101006144454
2115	125-129	0.8005863601282144
2115	130-134	0.5945858473655221
2115	135-139	0.4969940622055802
2115	140-144	0.4730943487620962
2115	145-149	0.6081050025838621
2115	150-154	0.4819925953864086
2115	155-159	0.7254554003920788
2115	160-164	0.6091664326160924
2115	165-169	-0.0744092707901629
2115	170-174	0.16323045315905205
2115	175-179	0.3475576125722242
2115	180-184	-3.3431789102771674
2115	185-189	-1.7803295195332893
2115	190-194	0.2563653734349529
2115	195-199	0.8418036721460638
2115	200-204	1.0617079891897276
2115	205-209	0.39630427248883393
2115	210-214	0.12672349948171302
2115	215-219	-0.3068832952309606
2115	220-224	0.15198441426976217
2115	225-229	0.19948669705599542
2115	230-234	-0.2891384078034349
2115	235-239	0.08065759299926611
2115	240-244	0.14460889321219383
2115	245-249	0.18124103231370725
2115	250-254	0.539435948982927
2115	255-259	0.2349389360961638
2115	260-264	-1.4536727416147102
2115	265-269	-1.179937635584956
2115	270-274	-0.4376221544780172
2115	275-279	-0.03198069196533382
2115	280-284	-0.3383603845256751
2115	285-289	0.17843297300252203
2115	290-294	0.06591310600919797
2115	295-299	0.17357264007174322
2115	300	0.403745769003951
2116	1	-0.02756342088922281
2116	2	0.025671242571384312
2116	3	1.6301261081963503E-4
2116	4	0.017104147784458235
2116	5	0.08132919608390665
2116	6	-0.05435034761875812
2116	7	-0.029423308093505796
2116	8	-0.03310789803005321
2116	9	-0.06530775305053993
2116	10-14	-0.18588155312058774
2116	15-19	-0.15720632180201477
2116	20-24	0.15806669534390494
2116	25-29	0.07671214880785726
2116	30-34	0.05676529633264238
2116	35-39	-0.1651890920139607
2116	40-44	0.1889322261827857
2116	45-49	0.1263943934217906
2116	50-54	0.38706002526100747
2116	55-59	0.5970457541892884
2116	60-64	0.3356154950367767
2116	65-69	0.2791260237877822
2116	70-74	0.2543948343950859
2116	75-79	0.2966899491329542
2116	80-84	0.34753277334172594
2116	85-89	0.22099542900990343
2116	90-94	0.4674591285928713
2116	95-99	0.492937939220667
2116	100-104	0.3373432125296105
2116	105-109	0.5269300832667696
2116	110-114	0.55369048637926
2116	115-119	0.4921209558195443
2116	120-124	0.6514649467144409
2116	125-129	0.4632323547451094
2116	130-134	0.6619920764988549
2116	135-139	0.7072897884605638
2116	140-144	0.5564766870810445
2116	145-149	0.7777882789232251
2116	150-154	0.926049953053834
2116	155-159	0.8259182325120236
2116	160-164	0.7949831632735993
2116	165-169	0.5614029283288389
2116	170-174	0.49270747066361054
2116	175-179	0.4810874888779324
2116	180-184	0.3018596250208603
2116	185-189	0.2608562588429564
2116	190-194	0.32573672203835
2116	195-199	0.8605952443338651
2116	200-204	0.4712803905771352
2116	205-209	0.0657266092954032
2116	210-214	0.5651813564738077
2116	215-219	0.7173510351851462
2116	220-224	0.20245253493692417
2116	225-229	0.21312459670083683
2116	230-234	0.05373549660037469
2116	235-239	0.4475373947887249
2116	240-244	0.923853545873861
2116	245-249	0.8799451206037148
2116	250-254	0.914931821875264
2116	255-259	0.9412881965212705
2116	260-264	-1.14858082171261
2116	265-269	-0.6589846023955275
2116	270-274	-0.11580949551441577
2116	275-279	-0.6329422771121855
2116	280-284	-0.30823402789727794
2116	285-289	0.2765848778009854
2116	290-294	0.3764652288577821
2116	295-299	-0.06288321420624854
2116	300	0.002338158672827717
2117	1	0.08712287529696994
2117	2	0.02906437177505694
2117	3	0.0011341923018974853
2117	4	0.14628343320677573
2117	5	0.020907419982442832
2117	6	0.06484115399768342
2117	7	0.09429933320559769
2117	8	0.04829584950812915
2117	9	0.06842009058217258
2117	10-14	0.07709819184120903
2117	15-19	0.04074076922643144
2117	20-24	0.031773428947651894
2117	25-29	-0.023883745207285756
2117	30-34	0.20275025069387453
2117	35-39	-0.004216709327998558
2117	40-44	0.10752330274378608
2117	45-49	0.08352699200185043
2117	50-54	0.07942277272599085
2117	55-59	0.5361360115597478
2117	60-64	0.07068882809622323
2117	65-69	0.2198525998021239
2117	70-74	0.011453975069464661
2117	75-79	0.0210501561318992
2117	80-84	0.052627132935981535
2117	85-89	0.09541716282347323
2117	90-94	0.09757496767819873
2117	95-99	0.00649712526481494
2117	100-104	-0.1343293877541143
2117	105-109	-0.15682037768110746
2117	110-114	0.04768938099944364
2117	115-119	-0.1470905207466373
2117	120-124	0.009981213056803995
2117	125-129	-0.1474699863920108
2117	130-134	-0.182576994568052
2117	135-139	0.055299809982230386
2117	140-144	0.00638455658866377
2117	145-149	0.2262088106932012
2117	150-154	0.3769207295354562
2117	155-159	0.5209340375647713
2117	160-164	0.4168346767182243
2117	165-169	0.22992506277756064
2117	170-174	0.15236275562435964
2117	175-179	0.026107588747720456
2117	180-184	0.3188170922512157
2117	185-189	0.2975209109914374
2117	190-194	0.31020940142242637
2117	195-199	0.15282652480052406
2117	200-204	0.35225758108937555
2117	205-209	0.06708793825199422
2117	210-214	-0.215466179617664
2117	215-219	-0.10944425282195169
2117	220-224	0.3632712870506509
2117	225-229	0.05985307367019743
2117	230-234	-0.24564287925705486
2117	235-239	0.44314001537852477
2117	240-244	0.5555533057889548
2117	245-249	0.7933666880034451
2117	250-254	0.8968244202537292
2117	255-259	0.5343968369801857
2117	260-264	-0.5956556043880568
2117	265-269	-0.1858934172729647
2117	270-274	-0.6017050645876587
2117	275-279	-0.5798000891743058
2117	280-284	-0.12795095147010116
2117	285-289	-0.20851734743990136
2117	290-294	0.46336215173989004
2117	295-299	0.0095196848253849
2117	300	0.28595043618754445
2118	1	0.057801242441108514
2118	2	-0.1408758230915197
2118	3	0.15034178943222543
2118	4	0.11273393491549655
2118	5	0.11063859984622582
2118	6	0.0437957457231235
2118	7	-0.037053826105100995
2118	8	0.03640071753692098
2118	9	0.11791838186407944
2118	10-14	0.03468305211411149
2118	15-19	-0.001524857667085655
2118	20-24	-0.007704187424479869
2118	25-29	-0.14081166800139044
2118	30-34	-0.15894589617042243
2118	35-39	-0.1729383555416817
2118	40-44	-0.07879768823524103
2118	45-49	0.05237882934311955
2118	50-54	0.08990497410690779
2118	55-59	0.22716792609062253
2118	60-64	0.0373123657028529
2118	65-69	-0.12653500565866693
2118	70-74	0.1195416941891807
2118	75-79	-0.21805565878523936
2118	80-84	-0.055642108888683595
2118	85-89	-0.09894426161973513
2118	90-94	-0.08141373233201676
2118	95-99	-0.2914142848168666
2118	100-104	-0.571938125759722
2118	105-109	-0.5666858288166239
2118	110-114	-0.3064001884435399
2118	115-119	-0.6688056947492669
2118	120-124	-0.4424588859508418
2118	125-129	-0.8213640884833353
2118	130-134	-0.44461585116373925
2118	135-139	-0.3304411058726373
2118	140-144	-0.44986248159536757
2118	145-149	-0.8718173043039315
2118	150-154	-0.6220873332915247
2118	155-159	-0.5180697901489779
2118	160-164	-0.7208655934480248
2118	165-169	0.09743844199832807
2118	170-174	0.24121306890339156
2118	175-179	0.4240081118002479
2118	180-184	0.24554414067088004
2118	185-189	0.06422171401204224
2118	190-194	0.2132979916618325
2118	195-199	-0.008646227230009629
2118	200-204	-0.3786906077933452
2118	205-209	0.10054321440024694
2118	210-214	0.22974469908574946
2118	215-219	0.18419277456470695
2118	220-224	0.12901505622473763
2118	225-229	0.5347654687406376
2118	230-234	0.40814549935127786
2118	235-239	0.3202897996934979
2118	240-244	0.4354581747621822
2118	245-249	0.7430743978914194
2118	250-254	0.758830792412148
2118	255-259	0.5008253238304405
2118	260-264	0.8010255920635174
2118	265-269	0.21389483409114973
2118	270-274	0.7647713986496925
2118	275-279	0.7063153041446313
2118	280-284	0.8274928789742368
2118	285-289	0.6450446416274431
2118	290-294	0.6536640559453062
2118	295-299	0.059795408158361596
2118	300	0.7134603697950368
2119	1	-0.05333846746798088
2119	2	0.14632982225904811
2119	3	0.08873502377372944
2119	4	0.05637743916359028
2119	5	0.08608022961261952
2119	6	0.1469986372441454
2119	7	0.06403127661587149
2119	8	0.046541381898300926
2119	9	0.07884451351590371
2119	10-14	0.1063278393964282
2119	15-19	0.21534923286505858
2119	20-24	0.1204507105498891
2119	25-29	0.030791580696757137
2119	30-34	0.07812273257722069
2119	35-39	0.1718711082932316
2119	40-44	0.35151684535494354
2119	45-49	0.31415014841694244
2119	50-54	0.47598596591900133
2119	55-59	0.5398716816007294
2119	60-64	0.42440074474243517
2119	65-69	0.28289072931811887
2119	70-74	0.04259142184442055
2119	75-79	0.17608527218635572
2119	80-84	0.03986503270703423
2119	85-89	0.01927444825260949
2119	90-94	0.021587775396099573
2119	95-99	-0.022062773255271395
2119	100-104	-0.047399100538179084
2119	105-109	0.046601641617563416
2119	110-114	0.44073790175214356
2119	115-119	0.21899299348395118
2119	120-124	0.21113808694469327
2119	125-129	-0.2799035337566309
2119	130-134	0.08477114872242453
2119	135-139	0.14210349916493215
2119	140-144	-0.08793556668289426
2119	145-149	-0.4632573568242577
2119	150-154	-0.04443270276738076
2119	155-159	-0.34014989957519504
2119	160-164	-0.5600826378988302
2119	165-169	-4.701180314583553E-4
2119	170-174	0.3746830671930823
2119	175-179	0.4182572832738316
2119	180-184	0.3910276881966226
2119	185-189	0.35581786886598366
2119	190-194	0.3664775772563047
2119	195-199	0.20839375859073783
2119	200-204	0.5273462926554799
2119	205-209	0.3294477803766185
2119	210-214	0.10801531966878741
2119	215-219	-0.04482112478805789
2119	220-224	0.6030645008654645
2119	225-229	0.4795932426686562
2119	230-234	0.4527685890492563
2119	235-239	0.3907614890975921
2119	240-244	0.4333733106111666
2119	245-249	0.007088307311249764
2119	250-254	0.24737194568566423
2119	255-259	0.23931202878179647
2119	260-264	0.3342546570217877
2119	265-269	0.5262083620001263
2119	270-274	0.7930443344641063
2119	275-279	0.6719308625485496
2119	280-284	0.5680253028563946
2119	285-289	0.41964216110482155
2119	290-294	0.7738333720790536
2119	295-299	0.44450533040310347
2119	300	1.9664320926620498
>>END_MODULE
>>Per sequence quality scores	pass
#Quality	Count
21	1.0
22	4.0
23	4.0
24	80.0
25	574.0
26	2304.0
27	5749.0
28	10132.0
29	15431.0
30	21093.0
31	28043.0
32	36408.0
33	47450.0
34	62142.0
35	82867.0
36	116230.0
37	112806.0
>>END_MODULE
>>Per base sequence content	fail
#Base	G	A	T	C
1	34.662804488304474	21.350666336608057	25.91194085546758	18.07458831961989
2	34.632288147021924	21.02300542945131	25.422357368369518	18.92234905515724
3	34.99809723674439	19.89163486157859	25.865757281302304	19.244510620374715
4	36.58976793677653	20.134929930281274	24.785061645834798	18.490240487107393
5	43.03496281298608	18.36536010256448	22.037877920187395	16.56179916426204
6	98.44730823656334	0.1645982583250511	1.1780506098079133	0.2100428953036847
7	89.17087552972559	0.29982376348098533	9.296753479470478	1.2325472273229414
8	0.1525905290420788	1.4708544700157764	88.29671283792521	10.079842163016933
9	0.024569661455927937	11.398475572583951	0.16570666410501775	88.4112481018551
10-14	0.05050852141938182	79.20767020115471	0.5509751802529785	20.190846097172926
15-19	0.1853515710901814	40.70664223894349	39.31079522291899	19.797210967047338
20-24	19.9587797869166	75.87895607052234	4.043682911641248	0.11858123091982459
25-29	21.934087235561545	19.19920028378942	58.63895366009686	0.2277588205521723
30-34	24.12953470435772	27.67271660471845	26.504193479725206	21.693555211198618
35-39	5.706988777754047	25.39673218431519	53.34073428790187	15.555544750028893
40-44	9.99120457572013	22.172529782971218	57.638372344126786	10.197893297181865
45-49	14.982094654693675	7.928703467372052	67.51506292007952	9.574138957854762
50-54	46.719541295980314	12.85198291915856	17.275544707004737	23.152931077856394
55-59	14.107948240126492	19.572169756489192	55.706179738899905	10.613702264484411
60-64	37.63359921684051	13.985008227683013	31.139727311077266	17.24166524439922
65-69	11.470352543118574	19.69568715550164	55.90896399791946	12.924996303460324
70-74	48.750104408479054	26.47318850784446	16.74308493059812	8.033622153078365
75-79	23.943550359734044	21.310487172282183	28.043810936966185	26.702151531017588
80-84	23.898556157860074	16.703176452707837	38.04646638634176	21.35180100309033
85-89	11.581987360974779	25.333214352351362	49.22498762868199	13.859810657991872
90-94	6.182012047796816	24.802946261243335	61.7547165294685	7.260325161491356
95-99	25.192730372309658	17.84038073203649	35.587202045724375	21.379686849929474
100-104	27.260367594118783	46.183980608742225	15.505899771497303	11.049752025641682
105-109	27.690226899850888	22.265048254471164	41.44751627752732	8.597208568150627
110-114	21.379783337991025	25.4699692755031	14.708707118214667	38.4415402682912
115-119	45.707270362984815	18.96520136826686	18.954453259160523	16.3730750095878
120-124	13.56476433800414	37.81083106561447	25.20144438128991	23.422960215091468
125-129	12.097141810082203	15.217983045196352	63.10965121162	9.575223933101453
130-134	35.49923869256175	27.661449892240057	14.251895912968216	22.587415502229984
135-139	14.989508084850117	47.01008033914517	26.63927736090593	11.361134215098783
140-144	0.9167887372624436	32.58271349317926	44.092882038647886	22.407615730910404
145-149	3.2740111372639076	32.3140577202234	47.27255952039235	17.139371622120343
150-154	9.816390730243251	51.25802551916071	33.42321477081259	5.502368979783447
155-159	21.828783565902548	23.441186819449182	37.17572411777047	17.554305496877795
160-164	16.21810956426488	30.898485151659454	39.03455484561235	13.848850438463318
165-169	28.820614534970733	15.555221146081571	24.750878647187587	30.873285671760108
170-174	18.272531345462866	20.189576931418387	34.198582103157406	27.339309619961337
175-179	10.584636679911263	19.461853296009522	52.64366679643487	17.309843227644336
180-184	12.032821886978	21.702466261535594	58.372245936451726	7.892465915034674
185-189	19.337858366142303	12.946456259256594	61.67391482320369	6.04177055139741
190-194	11.098181884509165	23.114085524139423	55.00410815005567	10.783624441295737
195-199	26.618894210346095	20.286235316585095	35.51625416011886	17.578616312949947
200-204	23.437100084813387	14.227236304812951	30.88992995786096	31.445733652512704
205-209	18.123789022260986	23.99744066734221	43.23238841360026	14.646381896796548
210-214	16.560739502781328	24.666278764376383	54.343295215881135	4.429686516961154
215-219	57.10045397087392	17.360846255792627	17.11593923754833	8.422760535785125
220-224	25.745682821252576	13.761822976919182	54.453394528994714	6.039099672833524
225-229	17.06740177899143	40.905385283077784	37.2577911425827	4.769421795348085
230-234	19.195259785290304	11.467622250938629	53.475448999355415	15.86166896441566
235-239	23.21761341659082	20.73336957565644	37.36476312234956	18.684253885403184
240-244	16.00416212713536	17.776181524285604	45.27764129513719	20.942015053441853
245-249	21.972773448534586	21.216495346188516	35.09997642956488	21.710754775712015
250-254	47.867272425449165	19.275543021217366	23.025704919707472	9.831479633625998
255-259	17.66658094053155	16.884526895995663	20.830848433876188	44.6180437295966
260-264	21.387027764064225	26.445400474880692	37.49474575075816	14.67282601029692
265-269	31.509640021842316	9.081649018432318	32.79077582223716	26.617935137488207
270-274	5.169364281085067	21.715865152276926	42.26589858088137	30.848871985756638
275-279	22.32825787801087	33.274906196477545	30.469116613371085	13.927719312140502
280-284	16.67965794551423	53.39554887448435	21.76963602366386	8.155157156337564
285-289	11.892162140224674	28.25054539895417	54.29365046562455	5.563641995196605
290-294	17.718324129037143	13.866516701476456	63.63990023794853	4.775258931537869
295-299	22.1237570278236	14.783653723535034	43.5399113048109	19.55267794383046
300	1.505350551046789	8.512640093817883	86.73756313383707	3.2444462212982583
>>END_MODULE
>>Per sequence GC content	fail
#GC Content	Count
0	0.0
1	0.0
2	0.0
3	0.0
4	0.0
5	0.0
6	0.0
7	0.5
8	0.5
9	0.0
10	0.0
11	0.0
12	0.0
13	0.0
14	0.0
15	0.0
16	0.5
17	1.5
18	9.5
19	25.166666666666664
20	42.833333333333336
21	68.0
22	167.0
23	291.25
24	387.25
25	529.2499999999995
26	820.2500000000031
27	1528.0833333333196
28	3380.333333333411
29	6496.499999999846
30	8413.99999999965
31	9889.750000000005
32	18050.66666666762
33	26896.666666664005
34	27425.49999999733
35	29199.416666663634
36	27970.41666666484
37	21062.666666666362
38	15926.416666667537
39	14501.083333334942
40	14448.750000003183
41	21554.41666666531
42	15075.666666668081
43	10166.75000000024
44	10874.916666668125
45	5660.833333332931
46	3425.833333333395
47	1654.499999999986
48	648.3333333333345
49	447.08333333333144
50	404.1666666666662
51	232.75000000000009
52	132.58333333333331
53	92.16666666666664
54	88.99999999999991
55	86.41666666666663
56	83.08333333333331
57	57.66666666666667
58	41.75
59	32.58333333333333
60	26.5
61	23.5
62	21.5
63	18.0
64	17.0
65	35.5
66	48.0
67	38.5
68	21.5
69	9.5
70	5.5
71	2.5
72	1.5
73	1.0
74	1.0
75	0.5
76	0.0
77	0.0
78	0.0
79	0.0
80	0.0
81	0.5
82	1.0
83	1.0
84	1.0
85	1.0
86	1.0
87	1.0
88	0.5
89	0.0
90	0.0
91	0.0
92	0.0
93	0.0
94	0.0
95	0.0
96	0.0
97	0.0
98	0.5
99	2.0
100	3.0
>>END_MODULE
>>Per base N content	pass
#Base	N-Count
1	0.0
2	0.002032077263272236
3	0.0
4	0.0
5	0.0
6	0.0
7	0.0
8	0.0
9	0.0
10-14	1.8474187311263085E-4
15-19	6.65265420575255E-4
20-24	0.0
25-29	0.0
30-34	0.0
35-39	0.0
40-44	0.0
45-49	0.0
50-54	0.0055856021660884835
55-59	0.005228646709592516
60-64	0.0029383718763195
65-69	1.611567833911819E-4
70-74	0.003227984039232918
75-79	0.0025470826200828167
80-84	0.0
85-89	0.0
90-94	0.0
95-99	0.0
100-104	0.0
105-109	0.0
110-114	0.0
115-119	0.0
120-124	0.0
125-129	0.0
130-134	0.0
135-139	0.0
140-144	0.0
145-149	0.0
150-154	0.0
155-159	0.0
160-164	0.0
165-169	0.0
170-174	0.0
175-179	0.0
180-184	0.0
185-189	0.0
190-194	0.0
195-199	0.0
200-204	0.0
205-209	0.0
210-214	0.0
215-219	2.1259244582506702E-4
220-224	0.005314619016821198
225-229	0.013059397339082929
230-234	0.0014838044921744588
235-239	0.001233516040554483
240-244	8.901033855082269E-5
245-249	0.0
250-254	0.0
255-259	3.2436810775693896E-4
260-264	5.171941184684848E-4
265-269	0.0
270-274	0.0
275-279	2.4750208520506786E-4
280-284	0.0
285-289	9.461293846872444E-4
290-294	0.0
295-299	0.0
300	0.0
>>END_MODULE
>>Sequence Length Distribution	warn
#Length	Count
10-19	255.0
20-29	3231.0
30-39	3927.0
40-49	35826.0
50-59	1071.0
60-69	1000.0
70-79	2082.0
80-89	928.0
90-99	404.0
100-109	792.0
110-119	1053.0
120-129	1030.0
130-139	1119.0
140-149	1119.0
150-159	538.0
160-169	723.0
170-179	1019.0
180-189	2221.0
190-199	3747.0
200-209	4430.0
210-219	6650.0
220-229	8222.0
230-239	8977.0
240-249	9694.0
250-259	13208.0
260-269	12792.0
270-279	12785.0
280-289	951.0
290-299	26329.0
300-301	375195.0
>>END_MODULE
>>Sequence Duplication Levels	fail
#Total Deduplicated Percentage	38.54203320131146
#Duplication Level	Percentage of deduplicated	Percentage of total
1	76.40297513088645	29.447260041735994
2	8.65593087785756	6.672343505652862
3	3.6825685634945917	4.258010395209432
4	2.1968589666517344	3.3868564492515976
5	1.4975087656074972	2.885851628164955
6	1.0583511298419153	2.4474602631007554
7	0.8096258339066872	2.184323803974971
8	0.6572680471437343	2.0265957516139963
9	0.5296037591279942	1.837080510106546
>10	4.076304345328242	31.26770349302563
>50	0.3531902701253177	9.123989523606149
>100	0.07981431002831943	4.462524634557106
>500	0.0	0.0
>1k	0.0	0.0
>5k	0.0	0.0
>10k+	0.0	0.0
>>END_MODULE
>>Overrepresented sequences	pass
>>END_MODULE
>>Adapter Content	pass
#Position	Illumina Universal Adapter	Illumina Small RNA 3' Adapter	Illumina Small RNA 5' Adapter	Nextera Transposase Sequence	SOLID Small RNA Adapter
1	0.0	0.0	0.0	0.0	0.0
2	0.0	0.0	0.0	0.0	0.0
3	0.0	0.0	0.0	0.0	0.0
4	0.0	0.0	0.0	0.0	0.0
5	0.0	0.0	0.0	0.0	0.0
6	0.0	0.0	0.0	0.0	0.0
7	0.0	0.0	0.0	0.0	0.0
8	0.0	0.0	0.0	0.0	0.0
9	0.0	0.0	0.0	0.0	0.0
10-14	0.0	0.0	0.0	0.0	0.0
15-19	0.0	0.0	0.0	0.0	0.0
20-24	1.1084057799666739E-4	0.0	0.0	0.0	0.0
25-29	1.8473429666111233E-4	0.0	0.0	0.0	0.0
30-34	1.8473429666111233E-4	0.0	0.0	0.0	0.0
35-39	1.8473429666111233E-4	0.0	0.0	0.0	0.0
40-44	1.8473429666111233E-4	0.0	0.0	0.0	0.0
45-49	4.0641545265444716E-4	0.0	0.0	0.0	0.0
50-54	7.389371866444493E-4	0.0	0.0	0.0	0.0
55-59	7.389371866444493E-4	7.389371866444494E-5	0.0	0.0	0.0
60-64	7.389371866444493E-4	0.001108405779966674	0.0	0.0	0.0
65-69	8.497777646411166E-4	0.0012931400766277863	0.0	0.0	0.0
70-74	9.236714833055616E-4	0.0012931400766277863	0.0	0.0	0.0
75-79	9.236714833055616E-4	0.0012931400766277863	0.0	0.0	0.0
80-84	0.0010345120613022292	0.0012931400766277863	0.0	7.389371866444493E-4	0.0
85-89	0.001108405779966674	0.0012931400766277863	0.0	7.389371866444493E-4	0.0
90-94	0.001108405779966674	0.0012931400766277863	0.0	7.389371866444493E-4	0.0
95-99	0.001108405779966674	0.0012931400766277863	0.0	7.389371866444493E-4	0.0
100-104	0.001108405779966674	0.0012931400766277863	0.0	7.389371866444493E-4	0.0
105-109	0.001108405779966674	0.0012931400766277863	0.0	7.389371866444493E-4	0.0
110-114	0.001108405779966674	0.0012931400766277863	0.0	7.389371866444493E-4	0.0
115-119	0.001108405779966674	0.0012931400766277863	0.0	7.389371866444493E-4	0.0
120-124	0.001108405779966674	0.0012931400766277863	0.0	7.389371866444493E-4	0.0
125-129	0.001108405779966674	0.0012931400766277863	0.0	7.389371866444493E-4	0.0
130-134	0.001108405779966674	0.0012931400766277863	0.0	7.389371866444493E-4	0.0
135-139	0.001108405779966674	0.0012931400766277863	0.0	7.389371866444493E-4	0.0
140-144	0.001108405779966674	0.0012931400766277863	0.0	7.389371866444493E-4	0.0
145-149	0.0012931400766277863	0.0012931400766277863	0.0	7.389371866444493E-4	0.0
150-154	0.0012931400766277863	0.0012931400766277863	0.0	7.389371866444493E-4	0.0
155-159	0.0012931400766277863	0.0012931400766277863	0.0	7.389371866444493E-4	0.0
160-164	0.0012931400766277863	0.0012931400766277863	0.0	7.389371866444493E-4	0.0
165-169	0.0013300869359600088	0.0012931400766277863	0.0	7.389371866444493E-4	0.0
170-174	0.0014778743732888986	0.0012931400766277863	0.0	7.389371866444493E-4	0.0
175-179	0.0014778743732888986	0.0012931400766277863	0.0	7.389371866444493E-4	0.0
180-184	0.001662608669950011	0.0012931400766277863	0.0	7.389371866444493E-4	0.0
185-189	0.001662608669950011	0.0012931400766277863	0.0	7.389371866444493E-4	0.0
190-194	0.001662608669950011	0.0012931400766277863	0.0	7.389371866444493E-4	0.0
195-199	0.001662608669950011	0.0012931400766277863	0.0	7.389371866444493E-4	0.0
200-204	0.001662608669950011	0.0012931400766277863	0.0	7.389371866444493E-4	0.0
205-209	0.0018473429666111233	0.0012931400766277863	0.0	7.389371866444493E-4	0.0
210-214	0.0018473429666111233	0.0012931400766277863	0.0	7.389371866444493E-4	0.0
215-219	0.0018473429666111233	0.0012931400766277863	0.0	7.389371866444493E-4	0.0
220-224	0.0018473429666111233	0.0012931400766277863	0.0	7.389371866444493E-4	0.0
225-229	0.0018473429666111233	0.0012931400766277863	0.0	7.389371866444493E-4	0.0
230-234	0.0018473429666111233	0.0012931400766277863	0.0	7.389371866444493E-4	0.0
235-239	0.0018473429666111233	0.0012931400766277863	0.0	7.389371866444493E-4	0.0
240-244	0.0018473429666111233	0.0012931400766277863	0.0	7.389371866444493E-4	0.0
245-249	0.0018473429666111233	0.0012931400766277863	0.0	7.389371866444493E-4	0.0
250-254	0.0018473429666111233	0.0012931400766277863	0.0	7.389371866444493E-4	0.0
255-259	0.0018473429666111233	0.0012931400766277863	0.0	7.389371866444493E-4	0.0
260-264	0.0018473429666111233	0.0012931400766277863	0.0	7.389371866444493E-4	0.0
265-269	0.0018473429666111233	0.0012931400766277863	0.0	7.389371866444493E-4	0.0
270-274	0.0018473429666111233	0.0012931400766277863	0.0	7.389371866444493E-4	0.0
275-279	0.0018473429666111233	0.0012931400766277863	0.0	7.389371866444493E-4	0.0
280-284	0.0018473429666111233	0.0012931400766277863	0.0	7.389371866444493E-4	0.0
285-289	0.0018842898259433458	0.0013300869359600088	0.0	7.758840459766717E-4	0.0
>>END_MODULE
